770 10111003.

Ἀγοραῖος 370, 52. 111 250, 0. 1. 310, 55. 350, 0. 370, 10.

Ἀρματεύς 370, 112 30
Ἧγεμόνιος 335, 0. 371, 00. 51 55 Κυνοσάργει 23, 01, 35

1111000 010, 515 Ι ’1101010100 10 ’10000110 100,
20

Ἑρμαϊαταὶ 250, 1 ,
Ἑστία 003, 01. 307, 110 ἥρως 11010. ἥρωες 07, 4. 03, 0
00011111 370, 00 Ἥφαιστος 20, 00, 333, 2. 25
Τ10111111 3700110 0111 1310. 171, 0, 031, 1011. 170,
Εὔβουλος 13, 01 017010. 0101 31, 1. 33, 5. 333,

Ζεὺς 2, 10. 70,,01.00. 30, 00. 150, 01. 00. 00
1710011. 173, 5. 217. 235. 411,0 Θέμις 170, 00
’1010111 1701- 0 3 0050 13, 10. 14, 25. 50, 5. 07, 1.
Ἀποτρόπαιος 370, 55. 111 70, 32. 71,10. 1011. 111,1. 167,
3001110 171, 11Ι 11. 170111 1. 11001. 151, 5. 155. 151, 2. 10.
Βουλεύς 37311 10. 135,1. 15. 130,10.137,1. 133,
Ἐλευοἐριος 63, 01- 170, 101 5. 102, 10. 003, 4. 207, 0. 15. 211,
’1051111111 131, 10 11. 313, 1, 233, 10. 200,1. 273, 5.
11555505 210, 1 251,1. 317, 1. 311,1. 3111. 307,
1111113000101000000 153. 555, 1. 377, 3. 370, 10110.
, Μ411000177,11 333, 5. 301, 5. 5. 455, 1. 115, 0.
11011011,1.,-101 11111101 1110110101ιο 1010 ..
Ν101111111110,1,53 5. οο. 22. 1511 155, 5.
0100000101511101 10 1 151, 5. 1501 1001. 0. 0. 101, 1.
83,7..·115010111371 0.0.1521...,.,01010014010.
· , 17111110001781110101 10. 405, 1. 1. 5. 455, 511. 455, .
’0016011100178010 11. 15. 0110000010 1000
0001001511 010051 10, 24. 10, 5. 20, 55. 31, 1.
0110011 ,100 11 . 10. 00, 0. 1010. 000100. 55,

[1011001 30010 10. 37, 15'. 112, 51. 10010100, .

11110 1111 ⁷· 105111· ¹⁷⁰5 ⁴³· 0000. -101, 0.,110, 15. 255, 5. 255.
1111111· 331. 01· 11· 310 10. 011, 11, 000, 51. 001, 1. 10.
11· 01 15. 300, 0001. 371, 00. 330, 5.
Το000100 317117 12. 15. 00. 301,1.11. 303, 0. 10.
010111 170. 11 101, 5. 10. 100, 11
11011111 070. ³⁰ 01001013,1.10,01.10.10,10. 52.
111101 8010. 151, ⁰⁰· ⁰⁰· 111. ³· 0 373, 1. 12. 331, 11. 115. 101. 337,
0150 Ἥλιος Γάιος 1111555 Σεβαστός 15. 21
170 0 01010, 4sqq. 14, 2. 5. 5. 55. 25. 55.

1100011001 1000110101000 15,1. 001011101101. 1

1.307,10 07,.,.,003171174,.,1351,
1101010111, 10 110,1.135,1.133,0.10.113,11.

101111370100. 152 140, ,1. 150, 5. 11. 25. 150, 52. ¹

Ἡραῖον 5551 133,1, 171, 0. 100,1, 1311. 188,
Ἡρακλῆς 31, 5. 10511, 213, 0010. 1. 10110. 107,1. 115, 1, 10, 11.

 

