708

ξόομοτα 307, 3331111.
ξόατραι 246, 11

ludices.

όξος 468, 13
ὁξιιόιριος 353, 133

όβολοί Βοιιίπιοι 387, 133. Ὁρχομίνιοι όπίοθιον όιιραιτὴριον 366, 13

367, 103

ὁδοί 352, 33

- οίκετεία 248, 111

οἰκημα 433, 13

οἰκημότιον τδ ἐπὶ τοῦ κοπρῶνος 440,
1 1

οἰκησις 440, 13. 13

οἰκίοκος 367, 31

οἰκοδομεῖν 207,1

οἰκοδομία τοῦ νεώ 72, 3. τῶν νεωςοί-
11313 135, 11

οἰκοὸομισιήρια Εόλα 606,1

οἰκονομία 233, 33. 131. 253, 33

οἰκόπεδον 114,13. 126,1. 13

οἰνος 30, 13. 11. 201, 13. 233, 33.
14313. 313, 11. 373, 13. 371, 11.

37313. 333,1. 437, 11. 433, 3

οἰνοχόη 170,13. 366, 33

οῖς 113, 13. 313, 1. 333, 31. 33

ὁκταπλοζόν 133, 13

όλαί 373, 13

13111331, 1ο. 13, 3. 38113

ὁλόκλαρος 369, 13

ὁμαλίς 352, 33

ὁμαλίζειν 337, 13. 11

ὁμηρεία 47, 31

ὁμηρεύειν 103,13

ὁμηρος 10, 11. 46, 3. 47, 33. 63, 3.
131, 1

ὁμολογία 163, 33. 171, 1131111. 178,3.
131,11. 133, 3ο. 131, 1. 33. 3311

ὁμόλογον 45313. 155, 3

ὁμονοεῖν 67, 3

ὁμόνοια 183, 31. 31. 171, 31

ὁμορεῖν 153, 11 sqq.

ὁματερεῐς νεόεοικοι 352, 3

όμοτριβεῖν 353, 131

ὀμφαλός (φιάλης) 331, 131
όνας 357,11

όνιιξ 366, 31. 33

όνίιχινος 367, 31. 33

όιιιοοόδομος 14, 1313, 11. 10,1ο.
333, 13

ὅπλα 11313. 31. 117, 11. 3113313.
311, 3

ὁπλο8ῆκαι 246, 33

ὁπλομαχία 243, 31. 380, 11

ὁπλομάχος 347, 31. 340, 11. 13. 11.
87

όροοστότοιι 352, 13. 13. 31
ὁρίζειν 13, 31. 215,13. ὁρίζεσθαι 32,
30

όριον· ὁρια 347, 11

Υὁρκυνεῖον 6, 11

ὅρμος 333, 1113. 337, 133. 133. 131

όρος· όρη 113, 13

ὅρος 133, 13. 333,1. 337, 1. 31113.
434, 1. 435,1. 437,1. οὖροι 377,1

ὀρφανός 311, 13. 31. 11. 33. 331, 111. .

120 ’
όοτεα 210, 1
ὁοφύς 373, 11 sqq. 373, 1. 3
οἰιγκιαῐον νόμισμα 370,13
οὸλον είμότιον 388,11
οὸς (κρατῆρος) 337,133.133
ὁρείλημα 253, 313311. 344, 11
ὀχετοί 333, 131
όχ3οιβος 366, 33. 31
ὁχόριομα 248, 137
ὀψώνια 133, 11. 171, 133. 147, 13
παγκράτιον 305, 33 sqq.
παγκτησία 344,13
παιδάριον 420, 3. 445, 3. 450,13. 462,
18
παιδεία 11313. 133, 3, 313, 31
παιδεύειν 345,1
παιδευταί 2331313. 13. 17
παιδίσκη 451,1. βασιλική 147,1
παιδοτρίβης 34813. 317, 31. 340, 13
παλαιστής 305, 13 sqq.
παλαοταί 352, 13 sqq.
παλιμπόται 367, 133

 

