Σκηψία 158,10. Σκήψιοι 158, 21. 25
211αοος 351, 05. Σκιοίίλιοι 15,15. 16,
11. 11,10. 53, 00

Σκῖροι 248, 100

Σκιωναῖοι 18,11

Σκοτο5σοα317, 1. Σκοτουσσαῖοι 198,100

Σκοοης 37,10. 1κοοα1248100. 252,
1000. Σκυθία 252, 11

Σμίλλα 16, 01 “

Σμύρνα 111, 11. 00. 01. 01. 100. 100,
10. Σμυρναῖοι 171, 01 sqq. 290,1

Σπάρτιυλος 127, 15. Σπαρτώλιοι 16, 0.
17, 68

Στεῖρις 2001100. 01. 445, 0. 2τεὶ-
ριοι 294, 5000. ὴ Στειρία 234, 10

Στρατονίκεια 400, 10. 15.

Στρεψαῖοι 15,52. 16, 10. 17, 00

Στυρης 1,10. 11,10. 1010

Στώλιοι 16, 0

Συαῃελῆς 15,15

Σύμη 10, 10. 11, 01. Συμιιῖοι 10, 11

Συρακόσιος 164, 50. Συρακόσιοι 73, 00

Σορος 37, 10. 10. Σύρα 465, 0. 466, 0

Σύριος 701), 10. Σορ10117,15. 18,21.
10, 11. b, 0

Σχινοῦρις 320, 11

Ταναγραῖος 182,1. 198105. 001

Ταραντῖνος 198,111. 40410. Ταραν-
τῖνοι 35,1. 147, 2

Ταῦρος 156,11

Ταῦροι 252,0

Τεγεάτης 101, 00. 00. 10. Τεγεᾶται 1,
0. 1001100. 101,10. 111,10.
317,1.1

Τεκτάσαρες Γαλάται 176,1

Τενέδιος 95, 15. Τενέδιοι (15,11. 17,
ιο). 1010. 00, 10. 100, 0 000.

Τίρμεροι 611, 05. Τερμερής 15, 01

Τετραπολεῖς 304,1

Τέως 11010. 090, 21. Τήιος 1101.
100, 0. 220, 01. 00. Τήιοι 15, 10.
11, 00. 115, 100. 105,1.1. 10. 00.
204, 1. 228, 10. 00. 10

Τηλάνδριοι 15, 00. 17, 10
Τήνιος 70, 20. 15. b, 15. 20. Τήνιοι
1,10. 11, ιο. 00011. 10, 11. 101

Τιοορροος 294, 15

Τινδαῖοι 16, 10

Τιρύνθιοι 1,15

Τλωεὺτ 198, 112

Τολιστοάηιοι Γαλάται 176, 1. Τολο-
στοάηιοι 200, 10

Τορέται 100, 5. 102, 0
Τορωναῖοι 15, 51. 18,10
Τραπεζοῦς 127, 5

Τριποαί 19, 0

Τριτεος 458, 4

Τριχονεὺς 198, 150

Τροιζὴν 372, 5. Τρσζάνιοι 1,10
Τροκμοὶ Γαλάται 177, 2

Τροία 252, 1

Τριράς 10011

Τρὼς ἀπὸ Ἀλεξανδρείας 198, 10
Τυεννεσσός 77, 01. 00

Τυλὴσιος 320, 0

Τύρβειον 184, 5

Τυρρηνοῑ 112, 50

Ὕσμπόλιας 138, 205. 463,1
Ὕμήττιος λίθος 352, 00. 00
Ὓπάτα 275,1

Φαίστιος 320, 10

Φανοτεὺς 132, 0

Φαρβὴλιοι 16,15. 17, 01

Φασηλίτης 196,11. 366, 05. Φασηλῖ·
ται 17,11. 57, 5.1. 11. 15. 11

Φηρήτιοι 16,11. 17, 51

Φθιῶται (Ἀχαιοί) 118,1

Φιάλεια 181, 5. Φιαλαῖς 163, 25. 00.
101, 0. 10. 10. 10. 11. 111, 10

Φλειάσιος 33,15. Φλειάσιοι 1,11. 83, “

010. 110, 0. 111, 10
Φοινᾶτοι 443, 10
Φοινίκη 3, 0
Φοινίκη (τῆς Ἠπείρου) 211,1
000000 1100

 

