εἵσασθαι 378, 3
ἑκατόμβη 11, ι. 311, 33

· ἑκατόμβαι βούπρῳρος 267, 3

Ἕιιατύμπεδος νεώς 366, 15
ἐναγὴς 461, 13

θνατὲύιιν 373, 33

ἐνιαύσια 469, 5

ἐνιδρύεσθαι 13, 55

ἐντερὲνιοι θεοί 376, 1

ύξηρεῖσθαι 391, 3

ἐξηγητὴς 189, 3. ἐξηγηταί 317, 3
ἐξιλάσασθαι 379, 13

ἐξορκίζειν 388, 5

ἑορτασιμαῑα 492, 13

ἑορτὴ 33, ι. 33, 33. 333, 33, 31333.

33. 333, 11. 333, ι. 33

ἐπαραὶ 33, 11. 33. 33-
ἐπαρᾶσθαι 2, 15
θπεύχεσθσι 479, 33
ἐπικουρία 371, 31. 31

θεηιιολεῖν 378, 3

θεοιιύλος 212, 1. 316, 1. θεοιιύλοι
281,3

θεοπρεπῶς 388, 3

θεύπροπος 323, 3. θεύπροποι 397,
MS

θεσπίζειν 397, 5

θεαροθοαία 211, 13. θεαροδοιιία 379,
2. θ.

θεωροδύιιος 215, 31. 33. θεαροθθιιιι
339, 11. 11

θεωροί 33, 35. 153, 1. 21. 33. 33.
133, ιο. 333, 3. 315, 3 sqq. 333,
11 sqq.

θησαυρός 135, ιι. 111,11. 331, ιο.
11. 318,11.11.11.11

θιασῶται 133, 1.11. 121, 3. 11. ιι.
33. 33. 33. 11. 33. 11. 33

θοιναρμύστρια 388, 33

θοινῆται 375, 5

4311114373ὶ 8918849* ³⁸²² ¹⁴· ⁰¹ τῆς 333313, 33. οο. 13, 33. 33, 3. 33,

πομπῆς ἐπιμεληταί 382, 33

ἐπιμεληταὶ μυστηρίων 374, 11. 13.
333, 1. 33. 33

ἐπιμελητὴς θιάσου 427, 3. 13. 33

ὶπιρθζειν 357, 33
θπιστύιης 439, 3. ἐπιστάται 74, 3.

Β, 1. 135, ιο

ίπθπται 384, 53

θρύτιες 369,3 ,

13313 τοῦ δήμου 317, 5. 33. ιιοινὴ
13373 343, 33. 333, 33

ἑστιᾶν 318, 33

1331333 313, ιιι. 313, 11. 395, 33

εύαγεῖν 357,1

εύίερα θύματα 388, 33

οὔθατος 379, 11. 33

εύστύν 3783

εύχεσθσι 42, 55. 67,1. 68, 3. 82, 3.
83, 3. 13. 194, 1. 156, 33. 35. 276,
3. 279, 33 .

εὐχή 367,113. εύχαύ 756, 11. 33

ὲρίερσ 379, 31

ύρύστια θύη 468, 13

3. 133, 33. 113, ιι. 155, 31. 333,
ιι. 331, 33. 333, 11. 33333331,
33. 313, 3. 313, 3. 1. 353, 5. 331,
1. 11. 33. 333, 3. 3ι. 11. 33. 11.
333, 1. 3. s. 333, 3. 333, 3. 333.
3 sqq. 331, ι. 1. 383, 3. 3. 11.
386,1.11.12. 333, 33. οι. 33. ετ.
133, 11. 133, 11. 133, 33

θύεσθαι 333, ο. 11. 33

θῦμα 333, ι. θύματα 333, 11. 3333.
33. ιο. 33. 33. 33. 35

θύος· θυύων59,3 (01111. 111511. θύη
θύειν ἐρύστια 468, 11

33373 33, ιι. 33, ιι. 153, ιο. 155,
11. 133, 3331. 333, s. 313, 33 sqq.
313, 11. ιο. ιι. 333, ιι. 331, ιι.
11. 33. 331, 11sqq. 333, s. 333, 1.

ιτ. 11. 333,1. 333, osqq. 33311. ’

13. θυσίαι 153, ιι. 33. 33. 133, ιι.
315, 3 sqq. 333, 11 sqq. 331, 3. 3.
313, 33. 331, 31. 13. 313, 13. 11.
11. 333, 3. 331, ι. 333, ιι. 333,
33. 333, 3 sqq. 333, 3. 131, ιι.

 

