754 11111111.

γραμματεύειν 12, 16. 13,1.3. 11, 1. “Ελληνο11μ11115,6.16,2. 17, 3. Ἓλ-
15, 3. 16, 2. 18, 2. 19,1.1. 20, 6. ληνοταμὶαι 11, 6. Β, 26. 18, 2. 19,
13,11.11. 21,1.1. 26,1.1.11. 1. 231111. 361111. 131111.
11. 27, ι. 111111. 31,1. 111. 1111111161

11, 33,1.1. 66, 1 sqq. 11, 1. 13, ἐξω-1, 136, 11
1.1. 1126611· 15, 1· ⁴· 18, 6· 2¹· ἐπιμεληταὶ νεωρίων 112, 11. 351, 1. 3

49, ⁶· 54, ³· 57, ⁸· 63, ³· ⁶4, ²· ⁵· ἐπιμεληταὶ τῆς φυλῆς 295, 1. 23. 120,
65,1.1. 70, 6. ’11,2. 33. 72, 3. 818

73, ³· 711· 75, ³· ⁵· 731- 79, ³· 1,,,μιλη1ὴςΔήλου256 1267, 113111
8116- ⁸²2³· 8³2⁶· ⁸51⁰· ⁸⁸2³· ἐπιμελητὴς Πάρου 2381
36,1. 31,1. 92,1.11. 36,1. 36, ,mm 2¹ η, 27„

1. 161,1. 167,1. 133, 1. 16111. „mm-,4 (18161111) 116, ιι
116, 1. 111, 1. 131, 1. 1361. 139. enemo: 111, ,1
³· 13313· 14313· 33313· 3332 3· 1171719χο161,17. 62,19, Ι33, 31. 83,

119, ²· 164, ⁴· 3331· 33711· 3331 33. 85,11. 91,1. ἱππαρχήσαντα 121,
2. 317,1. 17. 3561. 366,1. 11. s, ,2

16. 381, 3. 11. 386, 3 ww„ 92, ²³

1933333313313· 3313· 33113 33» κηρυκεύειν τῇ βουλῇ 92,6
1. 333,10. 316, 23. 317, 33 ,8888 88, 8, 88, 8, 288, ²8. ,8, 888,
γραμματεὺς τῆς βουλῆς 10, 66. 13, 13. λης 112, 31
33· ⁸· 33133· 331 ³¹· 33· ⁴⁰· 331 κοσμητὴς τῶν ἐφήβων 316, 13. 11. 11.
21. 15,(1. 16, 23. 31. 18, 26, 19, mosqq. 887, 7, 17¹ 20
11. 57,11. 56,11. 32111. 63,11.
65,11, 71,11.11. 73,11. 71, 11.
337313· 78’ ⁵⁵⁸ 79’ ²⁴¹ 85’ ³⁸¹ 61 16811111 11 τριάκοντα 11, 3. &metui
31,11. 331111. 911. 131,11. ,, 61113 188, .
11. 16611. 1631111. 111, 11 dp& mim ³85 8 ‘Eum-
γραμματεὺς md πρυτανείαν 86, 1. 105, ,80, 36, ⁴0. 5³. ,88888 ἄρχω,
27. 116, 21. 133, 6. 128, 21. 131, 388, Η, ,7, Ἑλληνοταμιω 38, 3 .
16. 136, 26. 119, 31, 116, ²⁵. 162, 888, 888, , 888, ‘mm m, ,8
88. 163,13. 197, 22. 329, 28. 333, mm& 13, M· 83, ³5. ⁴⁵st ’
11. 11. 31311. 317, 11. 161. 361, 8,,8811811411111. 15,1. 11. ,
²²· 38114· 38111 17, 1. 111111. 11, 1,. 11, anq.
γραμματεὺς τοῦ δήμου 11121 11,11. 1111. 1611. 17,1. 61, 1.
γραμματεὺς τῶνἈμφιιιωόνων 11111118 38,11.12. 59, 16. 62, 3. 71,11, 3
71,11. 17 7311. 7111. 36113311. 65.
δήμαρχος 1361111. 1311. 31111. 11. 36, 11. 31, 11. 31, 1. 136,
1111353,11.6ήμαρχοι13,1.1ι.1ι 1. 11. 133,16. 11311. 133, 11.
Mults] διοικήσει 162, 1333. 161, 21. 23. 161, 16. 196, 13. 317,
11. 361,11. ,1111186111611116 31. 1111. 111. 311, 111. 311, 11.
11. 11. 111,11.16. 11611. 316, 11. 11. 11. 11. 11. 11. 11. 11. 11.

κωλακρίται 13, 61. 33,13
λιμενόφρουρος 91,12

1
1
11. 331, 11 11. 36611. στρατηγός 3, 11, 36

11111111, 351, 111 11. 61. 11. 1211. 11,11. 13, 11.
mozel< 1111 80, 6. 86,11. 87, 22. 8813. 98

1

 

