756 Indices.

ἡλιασταί· 11 πεντακόσιοι 11 ἡλιασταί συντριήραρχος 351, 11. 111. 111. 292.
111 111

θεωρικόν 333, 31 1611111201

θῆτες 1211, 11 τάξις 32, 11

1111111521. 65,11. 8311. 85,11. 1611111611) 18,11. 20,1.11. 32,
111,11. 11111. 119, 11 1. 9. τάττεσθαι 16,1. 11, 11

κατάλογος 46, 1 τίμημα 410, 11

κατήγοροι 2981 11 τριάκοντα 49, 11

λειτουργεῖν 162,11 ! τριήραρχοι 36,1. 44,11. 46,11. ’10,

λειτουργίαι 111, 11 , 11. 111,11.11.11.1ι. 111,11.

μισθός (ἡλιοστιιιότ) 112,11. (στρατιω- 351, 111111.
111161) 19, 11. τριττὺς 299, 1. 1. 300,1. 1. 361, 1.1

νομοθέται 105,11.11. 33131. πρόεδροι φαίνειν 12, 1. 1. 63, 11 sqq.
νομοθετῶν 105,11.,11. ἐπιστάτης νο· φόρ1110,11. 141111. 15, 1 sqq. 11,
ρ111τ11111,11.1ο ssqq. 11, 11. 11, 11. 11. 11,1

νομοθετεῖν· 11 νόμοι 11 νενομοθετημένα sqq. 41, 11. 61, 11
ἐπὶΦερειλέοιιςᾶρχοντος131,1.προς· φρατρὶο 43,11. 1211. 18,11. 105,
νομοθετῆσαι 105, 11 11. 109,11. 128, 29. 141,11. 145,

οἴκησις Ἀθήνησι 43, 11 11. 116, 19. 302,1

ὁπλῖται 16, 11 φυλέται 191, 11. 11. 111, 1111111111.

πρυτανεῖον 11,11.11. 16,1ο. 11, 11. ρολή 13,11. 11,,11. 1111. 111, 22.
1111. 19,11. 11,1.11. 1111. 119, 21. 111, 29. 141‚⁴⁹· 145,21.
611, 2. 11, 11. 11, 11. 11. 11. 11. 116, 11. 191, 1311. 11. 11. 11.
11, 11. 11. 1911. 11, 19. 11, 11. ς 29. 311, 11 sqq. 191111. 11. 11.
11, 111. 11, 111111. 91, 21.. 129, 2. 1. 1111 ³,

1111. 191, 11. 111, 11. 11. 111, 1 ,11111111 1. 1. 111111. 1. 19. .

11.123,1.162,11.191,11.341,1 1111. 111,-ι. 111,1.· 1111-

1. 11. σίτησις ἐν πρυτανείῳ 162,11 413, 2. 114,1. 415,1. ¹⁶1 ¹·
στρστιωτικὰχρήματα 101,11. 164, 11. 411, 1. 418, 1. 420, 1, 421,1- 4²².

1111 11111 ⁸
σύνταξις 88,11. 98, 11. 108,11 χορηγός 93, 11 ¹

31, 1. 36,11, 11, 1. 44,11.11, Ι 11,1 11,1.111,1.101,ι.1 1 θ
1. 11, 11. 11,11(11. 11,1.1. 1.111,1.311,11.311,1.116,1. ·'}
91,1. 163,1. 295,11.11.11. 1011. 411,1. 413,1. 114,1.
111, 2. 111, 1. 119, 9. 111,1. 1111

Ἐρεχθεῖδαι 191, 1 11111119, 11. 11. 11, 1. 11, 11.
1111111, 1. 11, 1. 99, 2. 111, ι. 11, 1. 11, 1. 11, 1. 11, 11. 111,
119, ι, 331, 1. 11. 111, 1. 111, 2. 9. 311, 1. 11. 111, 1

416,1 Ἀιοιμαντίς23, 11. 24,6. 216, 1.

Tribuum nomina.
Ἔρεχμηῑς 3, 1. 128,1. 29, 11. 11. Πανδιονίς 29, 1. 11. 11. 44, k 1

 

