11. Nomina locorum, 1611616111,61111666)6 cum ethnicis, 743

Μαινάλιοι 167, 16

1131111166, ι. 1616

Μακεδών 111, 12. 161, 11. 1666.
367, 191. ἀπὸ Θεσσαλονίκης 231, 1.
Μακεδόνες 601), 9. 127, 1. 162, 6.
191, 1. 237, 6. 217, 1. 11. Μακε-
δονία 601), 9. 61, 9. 80, 16. 111,
19. 217, 1). 151, 6

Μαλιεῖς 118, 9

1111161166, 21. 16. 161, 61

Μαραθήσιοι 17, 16

Μαρανῖται 16, 1. 17, 61. 18,11.
66, 6)

Μασσαλία 200, 16. 66. Μασσαλιῆται
206, 6.11. 61. Μασσαλιῶται 198, 11

Ματροιιολίτας 321, 11
Μεγαλοπολίτης 188, 666. 213,1. Με-
γαλοπολῖται 167,16. 178,16. 211, 16

Μεγαροῖ 3, 6. Μεγαρεὺς 181, 1. 101,
11. Μεγαρῆς 1, 9. 211, 11. 218, 6

Μεδιών 291, 61. 16. 66. Μεθεώνιοι
194, 661111. ήΜεδεωνία 161, 66

Μεθαναῖοι 232, 1

Μεθυδριεῖς 178, 19

111061616119, 61. 61, 6. 11. ιι. ιο.
16. 22. 21. 16.·61. 16. 16. ἐκ
Πιερίας 32, 1

Μελιττηνός 37, 19

Μενδαῖος 30,1. Μενδαῖοι 15, 16. 16,
ι. 6. 11, 16. 16, 1616. 661), 11
(01. 111. p. 666)

Μεσημβριανός 161, 11. Μεσαμβριανοί
6661

Μεσσήνη 307, 1. Μεσσήνιος 10, 6.
661, 116161, 11. Μεσσήνιοι 111,
11. 116, 11. 91. 61. 11. 61. 61. ιι.
Μεσσοίνιοι 30, 1. 181,16.16. 210,
2. 1. 11. Μεσάνιοι 191, 16. ιι

Μῆδοι 2, 66. σί1λοι Μηδιιιοί 366, 19

Μηθυμναῖοι 63, 91. 71, 19

Μηκυιιερναῖοι 16, 16. 17, 11

1111666, 16. 61. 66. Mamm 1, 16.
611),1.11

Μητρόπολις 100, 6

————-.

Μιλήσιος 137, 9. Μιλήσιοι 16, 11.
11, 66. 110, 1ο. 116, 12. 21. 16.
196, 6. 691, 16

Μιλκώριοι 16, 9. 17, 96

Μινίρα 320, 16

Μολοκᾶς 320, 1

Μολοσσοί 322, 9. 321,6. 112, 6. 113,9

Μουνιχία 317, 11

1161661161, 1. 6. 16

Μυήσσιοι 15, 11. 18, 16

Μυκανῆς 1, 11

Μύκονος 373, 11. Μοκιίνιος 367, 166.
Μυκόνιοι 17, 11. 631), 19. 70, 11.
1), 6. 373, 6. Μυκονιάδες 373, 11

Μυλασεὺς 81, 6. Μυλασής 15, 19.
76, 9 sqq. 271, 9

Μόνθος 399, 11. 100, 16. Μίινδιοι
11, 11

Μὺρινα 17, 66. 18, 11. 19, 16. Μυ-
ριναῖοι 21, 11

Μυριναῖοι παρὰ Κύμην 15, 19. 16.
1116

Μυριναῖοι (Λήμνου) 191), 6

Μυσοί 15, 9

Μυτιλήνη 71, 16. Μιτυλήνη 126, 60.
Μυτιληναῖος367,11.Μιτυληναῖος367,
161. Μυτιληναῖοι 27, 9. 11. 1), 1.
63, 96. 71, 1. 11 sqq. 98, 1. 11.

Ναξιᾶται 17, 16

Νάξιοι 1, 21. 11, 21. 101), 6. 6191

Νάξιοι ἐκ Σικελίας 367, 61

Ναύπακτος 112, 1. 183, 16. 16. 11.
199, 6. Ναυπάκτιοι 199, 116161.
Ναυπάκτιοι 30, 1. 183, 16 sqq.

Νεάνδρεα 16, 66

Νεάιιολις ἀπ’ Ἀθηνῶν 16, 19

Νεάπολις 12, 66. Νεοτολῖται παρ’ Ἀν-
τισάραν 16, 11. 17, 66. 18,19.
παρὰ Θαίσον 12, 1. 6. άπδ Θρᾴκης
12, 69. Νεοπολῖται 12, 16. 61. 66.
16. 631), 61

Νεοπολῖται Μενδαίων 16, 6. 17, 11.
19, 11. Νεοπολῑται 15, 1)

 

