lv. 1131313113. 777

11131. 13. θυοίο θηροτελής 371, ίερόθυτος οίς 210,13. ίερόθυτοι δερ-
13. θυσία ἐνιαυσία 76, 33. θυσία μάτινιι ὑποδήματα 388, 13

1311111111111111111101156118· 31)· ίεροκηρυιεὺειν 186, 3. 187, 3. 188, 3

ο11111113ι 11311· 31111 11111111 131, 11. 133, 11. 333, 11.
θυσιάζειν 11131. 379,1.1ο. 333, 11 331, 13
ίδΡῦῑῡθαῑ βωμόν ¹3⁸» ²⁴· ’3136113551 ίερομνὴμονες ίν Δελφοῖς 78, 13. 181,
³⁶· ⁴1- ⁴⁴· 1111111113. 1131311 1.1. 11. 1111. 1. 13. 131, 1.1.1.
(1111117111 · 1. 131,1.1.1.1.133,1.1.3.1.
ί3ρυαις 333, 13. 11 139,1.1.133,1.3.1.111,ι.1. 131, 1

[εριίζειν 367,13.11. 13. 13 ἱερομνήμονες Θετταλῶν 85,11
1191111191 31111 ἱερόν 13, 31. 13, 33. 11, 13. 13, 11.

ίεράρχαι 291, 33
ίερᾶσθαι 1012. 871, 3. 376,1
ίερατίαι 370, 113
ίερατείιειν 111,1

ἱέρεια 133, 1111. 131, 3. 371, 1. 21.
1111. 31. 331, 11. 333, 13 sqq.
ἱέρειαι 133,11. 179,11. 3931.

113, 11

ἱερεῖον 13, 31. 311, 13. ίερεῖο 1, ο.
11111. 171, 11. 133, 31. 11. 313,

111. 373, 13

ἱερεύς 117, 1. 111, 1. 13311. 171,
11. 131,1. 113, 31. 131, 1. 113, 1.
21. 171, 1. 317, 21. 311, 1. 333, 1.
11. 339,1.11. 11. 333,1. 331,
11 sqq. 333,1. 1. 33111. 373,
131. 373,1 sqq. 376, 1. 381, 111.
333, 31111. 333, 111. 191,1.
139, 1. 113, 1. 141, 1. 11311.
113,11.11. 131,13. 131, 11.
133, 13. 133, 13. 137,13.· 1 3111

βωμῷ ίερείυς 381, 113. ίερεῖς 11,
11. 77, 11. 133,13.13. 13311.
11. 133, 33. 179,13. 191, 31.
. 193, 13. 331,1. 371,1. 1. 373,11.
113, 1. 117, 1. 131, 1. 13311.
131, 1. 137,11. 13311. 133, 11.
131, 11

ίίρεως 11311. 31. 31. 373, 1
ίεριυοόνη 131, 11 ’

1ερητείο 3711111111. 371,3 ’
ἱερρτείιειν 191,1ο. 337, 33. 113113
1ερ33311ιι 113, 33. 333, 11

31, 11. 131111. 71,11. 73, 33. 11.
19, 11. 93, 1. 21. 97,11. 113, 31.
113, 37. 1231111. 132, 31. 131,
1. 3. 3. 138, ssqq. 113, 13. 150,
1.11.11. 133, 11311. 133, 31.
31. 158,111qq. 115,11. 173, 11.
11. 11. 111, 11. 13. 11. 11. 131, 1.
1. 133, 11. 11. 193, 11. 137, 13.
111, 3. 131,11. 133, 11. 11. 11.
133, 31. 131, 31. 19311. 391, 1.
333,1.Ι 333111. 11. 11. 333, 11.
331,11. 331, 3. 11. 317, 11. 11.
11. 333, 33. 31111. 33311. 11.
31. 11. 11. 333, 12. 11. 337, 3. 13.
11. 339, 1. 1. 1. 331, 1. 339, 1.
371,13. 379, 1.1. 11. 331, 11.
111. 111. 331, 1οῤ 33111111. 339,
11. 11111. 11711. 137,11. 113,
13. 139,1. 139, 3. ίερά 13, 31.
13, 31. 11, 11. 11. 13. 71,13. 113,
1ο. 131, 11. 131,11. 13311. 171,
111. 131, 11. 11313. 113, 33 sqq.
171, 11. 191, 1. 11. 196, 11. 13.
333, 11. 331, 31. 311, 11. 313, 21.
31311. 317, 3. 31313. 3331111.
373, 11. 331,1.13. 331, 1. 333,
17. 38111111. ίερά δημόσια 113,
31. δημοτελῆ 333, 11. 371, 1.
1613333111 371, 9.11. ἱερῶν καιομέ-
νιον 388, 1. κατὰ ίερῶν καιομένων
2,11. 13ρά μυστικά 388, 33. ἱεροῖς
νεονιοιύτοις 171, 13. πατρῷα ἱερά 366,
13. ίεροῖς τελείοις 97, 11

 

