748

11. 163,11. 111,11. 23311.
212,1.12.

1111111181, 11. 186,11. 181,11.
188,1. 18911. 212,1. 212, 9.
919, 19. 919, 9. 321, 1

ἀσφάλεια 181, 11. 188, 11. 18611.
18111. 188, 9. 189,1. 216,1.

212, 1. 311, ιο. 321, 1

ἀτέλεια 53, 9. 99, 18. 84, 1. 116, 9.
, 128,11.11. 121,11. 131,1.1.
111,111.111. 182, 11. 18111.
181, 19. 199, 9. 189, 11192, 11.

222, 9. 312,1. 313, ι. 911, 11.
3181. 3111. 323, 9. 3211.

111, ι. 1. 111, 1. 919, 19

ἀτελὴς (1111111111) 32, 9. 99. 78, 21.
91, 1. 199, 11. 119, 99. 128, 11.
1113111. 312,1.328,1.111, 11

άτιμὶα 10, 11
άτιμος 10, 83. 12, 23. 63, 88. 233, 88

ἀτιμοῦν 10, 8. 46, 11

αὐτονομία 59, 18. 125, 28. 166, 11.
171, 11. 38. 11. 200, 11

αὐτόνομος 18, 1. 81, 11. 99. 81, 11.
121, 99. 126, 11. 112. 99. 199, 99

ἀρορολόγητος 166, 2118. 204, 11

δαμοσιαργίοι 369, 11

δημεύειν 46, 8. 71, 1. 8. 79, 38

δήμευσις οὐσίης 76, 23

δημοκρατεῖσθαι 162, 88. 200, 11

δημοκρατ1α 171, 11. 88. 172,12. 200,
11. 211, 1. 288, 1

δημόσιοι 253, 11

δυνάστης 247, 22. δυνάσται 171, 11

ἐγκτήματα 63, 21
ἐγκτήσασο81 63, 31

ἔγκτηοις 18, 11. 119, 11. 111, 11.
181, 11. 183, 11. 11. 198, 11. 191,
1. 198,218.318,8.321,11.355,18

ἐγκτητιιιόν 296, 18

ἔκκλητοι δὶκαι 99, 18. 79, 11

ἔκκλητος πόλις 79, 19. 126, 19. 139,11

ἔμτασις 317, 8

ὲντίλεια 321, 1

Indices.

ἔντιμος 46, 11. 253, 99. 11. 141, 1

ἐπιγαμία 317, 9

ἐπιτιμά 184, 12. 185, 11

1111111112, 26. 28

ἔποικοι 26, 1. 112, 81

ἔππασις 222, 8

εὐεργεσία 58, 2. 16. 81, 8. 91, 1.
210, 1. 218, 1. 314, 2. 347, 93

εὐεργέτης 33, 11. 53, 3. 58, 8. 71,
11. 18, 11.,18,1.11. 81, 1. 11.
81, 1. 81,1. 91, 11. 111,11.
132,11. 13811. 181, 99. 199, 19.
11811. 188, 1. 161, 1. 111, 9.
118, 1. 212,ι. 1211. 181,1.
2811. 281, 1. 281, 9. 161, 9.
261, 1., 166, 1. 288, 1. 113, 1.
218. 111, 1. 311,1.1. 319,1.
εὐεργέται 11, 11. 11, 11. 1111.
81, 11. 111, 11. 126, 91. 99. 138,
11. 168, 99. 182,11. 21811.
211, 1. 211, 11. 262, 11288, 1.
11. 321, 1111. 321, 1. 311,11.11

1σονομῑα 171, 61

Ισοτολιτεία 181, 11. 317, 8. 318, 1

ἰσοτέλεια 78, 81

ἰσοτελὴς 131, 11. 186, 11. 283, ιι.
411, 1

κατάγειν τοὺς φεύγοντας 79, 19 sqq.
213, 1. 311, 99

καταδέχεσθαι τοὺς φεύγοντας 2, 28

κάτοικοι 111, 11 sqq.

κληρουχεῖν 127, 1 γ

κληροῦχοι 27, 8. 13. 82, 9

κυαμεῦειν 2, 8. άποκυαμεύειν 2, 11.
11, 11

κύαμος, ἀπὸ κυάμων 2, 1

μετοικεῖν 178, 18

μετο1κιον 93, 33109, 28

μέτοικος 37, 11. 318, 11. μέτοικοι
19111

νόμιμα 410, 11. ἀρχαῖα 387, 1

νόμισμα 14, 11. 171, 88. 354,11.
361, 1. 319, 11

νόμος 8, 111111. 13, 19. 18, 1.

 

