-—

368, 1. ι. 888. 881. 38211. 388,
1. 381

Ἀ6γνῖται 17, 88. 63, 88

’11311115 11. 16, 11. 11, 11. 18, 11

Αἰγαεύς 154, 2

Αἰγαίντιαι 15, 11. 11, 11. 18, 11

Αἴγιλα 388, 82

Αἰγινα 3, 8. 4411, ’1. 218, 8. Αἰγιναί-
τας 215, 88. Αἰγινήτης 366,18. 494,
58. Αἰγινᾶται 1, 8. Αἰγινῆται 17, 88.
στατῆρες Αἰγιναῖαι 31, 8. 366, 18.
Αἰγιναία δραχμή 361, 188 ·

Αἴγιον 178, 8. Α1γιεύτ 138, 18. 454,8 ‘

Αἰγιράτας 451, 1
Αἴγυπτος 8,1.11. 188111. 188, 11.
327, 8. Αἰγύπτιοι 355, 18

Αἰνεᾶται 18, 11. 11, 11. 18, 11

Αἰνιᾶνες 211, 8. 11. 256, 1

Αἴνιος 314, 8 sqq. Α1νιοι 15, 62. 631),1

Αἰολεὺς ἀπὸ Ἀσοου 198, 818

Αἰολῖται 16, 1. 17,18. 18,11

’ Αἰραῖοι 15, 1

1111116, 11

1118111151. 11, 11. 18, 11

Αἰτωλός 199, 2. 11. 266, 8. 212, 8.
401, 85. ἐκ Ναυπάκτου 142, 1. ἐκ
Βάττου 184, 6. Αἰτωλοί 118, 5. 11.
158, 2. 1. 11. 11. 11. 181, 111.

183, 1sqq. 181, 1. 185, 1. 186,1. ι
181, 1. 188,1. 1881. 188, 1. 1

111, 1. 111, 1. 111, 1. 111, 1 sqq.
111, 1. 111, 1. 111, 2. 111, 1.
441, 8. 448, 1. Αἰταλὰ ἐκ Καλλι-

πύλιος 163, 1. Αἰταλ1α 142, 8. ι

183, 2. 1. 186, 1. 181, 1. 188, 1.
115, 11. 118, 1. τ. 11

2116811111, 11. 1811. 681), 11

Ἀκαρνάν 134, 8. 198, 82. ἐκ Τυρ-
βείου 184, 5. Ἀκαρνᾶνες 631), 18.
811. 1. 188, 1. 11. 11. 18811.
811, 11. 11. 11. Ἀκαρνανία 188, 11

Ἀκραγαντῖνος 198, 81. Ἀκραγαντῖνοι
322,8

Ἀλαβαν6εύς 198, 181
811111611111,8]11111.

11. Nomina locorum, regionum, 11111111811111111 ethnicis. 737
Ἢ

Ἀλεξάνδρεια [τῆς Αἰγύπτου) 151, 5.
Ἀλεξαν8ρεύς 168,1. 188, 111. 111.
137. 138. 139. 141. 181. 185.189.
249, 8. Ἀλεξανδρεὺς ἀπὸ Αἰγύπτου
198, 818. Ἀλεξανδρεῖς 198185.
Ἀλεξανῦρτιεῖς 11 ἀπ’ Αἰγύπτου 327,1

Ἀλεξάνδρεια (τῆς Τρῳάδος) 198, 1ο.
Ἀλεξανδρεὺς ἐκ τῆς Τρῳάδος 198, 11

Ἀλτός 33, 8

Ἀλέαν ποταμός 378, 18

Ἀλιάρτιος 182, 1

Ἀλιῆς 3, 8

Αλικαρναοσός 399, 11. 160, 11. 18.
11. Ἀλικαρνηοοός 5, 18. Ἀλικαρ-
ναοσεύς 198, 181. 417, 8. Ἀλικαρ-
νησοεῖς 5,11. Ἀλικαρναοσῆς 17, 81.
Ἀλικαρνατεῖς 5, 1. Ἀλικαρνάιιοιοι
15, 88

Ἀλλανὶς κώμη 326, 11

Ἀλπύνιος 185, 1

Ἀλυζαῖοι 95, 5. 18. 18. 118, 18

Ἀλωπεκοννήοιοι 21, 18. Ἀλωποκον-
νήοιοι 29, 8

Ἀμβρακιώτας 198, 288. Ἀμβρακιώτης
164, 81, 15. Ἀμβρακιῶται 118, 8. ’
Ἀμπρακιῶται 1, 81

Ἀμόργιος 367, 11. Ἀμόργιοι 16, 18.
11, 11. 18, 11. 28, 1. 681), 11

Αμύκλαιεῖς 886, 1. 1.

Αμφίπολις 31, 11. 80, 8. Ἀμφιπολ1-
της 157, 18. Ἀμφιπολῖται 6611, 18

Ἀμριοοα 146, 8. Ἀμφισσεύς 446, 1. 1.
411,1.Ἀμφιαοεῖς146, 11. 11161, 11

Ανακτοριεύς 321, 1.1. 6, Ρανακτοριής
1, 18. Ἀνακτοριεῖες 95, 1

Ἀνδρος 88, 1. 1818. Ἀνδριος 781),
11. 881, 1. 11. ’1811111511
11, 11. 681111. 18111. 88, 1.
861, 111

Ἀντιοχεύς 244, 1

Ἀντιόχεῑοι ἀπὸ Ἀπάμου 198, 181

Ἀντισάρα 16, 15. 17, 81. 18, 18

Ἀντισσαῖοι 6311, 18. 74, 18

Ἀπαμος 198181

17

 

