111. Res publicae. 761

ἁλίασμα 251, 5 ἀστυνόμοι ἐν 11311177, 16

ἀνευρεταί τῶν χωρίων τῶν δημοσίων ἐν βασιλεία 156, 311. 11. 17. 11. 171,
Ζελείᾳ 113, 3. 3. 33. 115, 5. 251,11. 173,1. 1. 13

1113111111 11131113 ³⁴⁴, ²² 31111111 1131 11311. 131, 11. 11

duma· 6 1111 11141111 4110111 (ἐν 1333131133131313. 133,1.11.11.
Γι1111111 255111 13.1433311143,1311111133.

ἀποψήφισις 126, 116

ἀρχαιρεσία 285, 14. ἀρχαιρεσίαι 340, 1

ἅρχων Ἀμφισσέων 146, 3. Ἀριιεσινέων

31. 147,1. 118,1.151,1.1.152,1.
153.1.151, 3. 6. 1558156, 131111.
151,1. 158, 131111. 161, 2. 161, 13.

τῆς Ἀμοργίας 437,11. 138,1. Βο-
σπόρου 11111 Θεοδοσίης 100, 3. 102,
3. 103, 3. 164, 2. Δελφῶν 181, 1.
185,1. 186, 2. 187, 2. 188,2. 189,
2. 198, 231111. 203, 1. 207, 2. 212,
1. 313, 2. 319, 0. 327, 5. 328, 3.
101, 1. 446, 2. 111,1. 418, 2. 11.
119,1. 150,1. 151,1. 152,1. 153,
1. 154, 2. 155, 1. 156, 1. 451,1.
4581. 4531. 160,1. 161,1. 451,
1. 133, 1. 131, 1. 1311. 1311.
467, 1. Δηλίων 13131111. 367, 11
sqq. Ἑρμιονέων 380, 33. Καρυστίων
343, 1. Ἀθηναίων ἐν Σκύρῳ 383, 2.
Στειρίων 115, 3. Quaem 343, 1

ἀρχῶν Βοιωτῶν 05, 6. 16. 26. 222,1.
Θετταλῶν 85,13. 13. 33. 31

ἄρχων Σικελίας 51, 1. 72, 18. 73,4

ἄρχωντῆς ίερᾶςἈοιτιαιιῆς βουλῇς 280, 3
ἀρχοντες 1ν Δελφοῖς (σί. βουλεύοντες)
207, 15. 118, 13. 44313. 451, 13.
454, 3. 155, 1. 156, 1. 151, 13153,
22. 460,12. 461,14. 46213. 163,
10. 161, 21. 165,15. 161113. 167,
26. ἐν Ἐφίσῳ 285, 5. ἀν Ζελείᾳ 113,

163,13.11.33. 165, 3. 1. 11. 21.
11. 11. 18. 1631. 1631. 110, ιο.
111, 131111. 113,1. 114, 1. 101,1.
101, 2. 135,1. 1315. 166, 31. 35.
163,1. 1611. 205,1.3.13.15.11.
108,1.3. 114, 2. 3. 215,1.1. 211.

’ 113, 3. 1111. 113,1. 1111. 113,

1. 113, 1. 13111. 131, 1. 133,
131111. 235. 211, 2.1. 215, 1. 216,

Ι1135. 118, 13. 11. 33. 33. 3ο. 31.

210, 1.1. 252, 231111. 253,1. 251,
1. 273, 3. 311, 3.1. 361, 331111.
370, 11. 147, 3. Βοσπόρου 252, 33.
Θρᾳκῶν 228, 7. Μακεδόνων 111, 2.
115, 1. 115,1. 117, 1. 117, 1. Μο-
λοττῶν 321, 4. Παιόνων 141, 11. 37.
(Περσῶν) 59, 5. 10. 63,18. 72, 23.
76, 531111. 03, 3. Σιδωνίων 03, 5.
11.1ο. 1311. 155,1. 11. 13. Σίν-
5ων,Δσιν31ρίωννιτλ. 100, 4. 102, 5.
103,1. 104, 3. Σκυίίῶν 252, 5. βα-
σιλεῖς 13313. 133, 1. 138, 3. 151,
11. 176,1. 171, 11. 35. 11313.
270, 13. 300, 0. Λακεδαιμονίων 50,
1. 163, 31

13. 38. ἐν’ίασῷ 77, 7. 110, 11. ἐν βασιλεὺς (magistratus civitatis 1153113)

Κυζίκῳ 279, 2. 22. ἐνΜυκόνῳ 373,
213. 13. ἐν Μυλάσοις 271, 2. ἐν

ἐν Μιλήτῳ 376, 5. ἐν Χερσονήσῳ
252, 51.

Ὀλβίᾳ248, 1 sqq. ἐν Στείρι 201, 23 βασιλικά 132, 23. 165, 25. 131 βασιλι-

sqq. ἐν Σύρῳ 401, 11. 15. ἐν Φόσιιῳ
158,11. ἐν Χερσονήσῳ 252, 51. οί
ἀννίτ ἄρχοντες ἐν Σαμοθρᾴκῃ 138, 16

ἀστὴ ἐξ ἀστῶν ἀμφοτέρων 1111 τρεῖς γε·

3135 171, 106. 161. βασιλικὴ χώρα
158, 41. 63. βασιλικὴ mmm] 447,
4. βασιλικαί λαοί 158, 43. βασιλικὰ
11131113

νεάς μμνημένη 31111 πρός πατρὸς καί βασίλισσα 132, 8. 148,1. 151, 1. 152,

πρὸς μητρός 371, 8

1. 2. 1531311. 2111. 21511.

 

