’ lv. 555 666166.

&qima 11611. 358, 6. 1(012511101
317, 63161. Δ16166111ο1 381 , 16

· ἀρωνοθεοὶοι 188, 6

ἀγωνοθετεῐν 183, 2. 158,1. 182,1

ἀγωνοθέτης 113, 61. 16616. 166, 66.
166, 16. 162, 55. 51. 16611. 166,
1. 116, 102. 363, 1. 361,1. 1215.
55. 366, 25. 111, 2. 113,1. ἀρω-
1661161 126, 1211. 55. 166, 51.
138, 12. 21

ἀθλοθέται 36, 61. 11, 6. 161,11. 66.
15

αἱρετὶζειν 379, 2

ἀκάθαρτος 379, 3

ἀιφο81νιον 379, 21

ἅλως 233, 63

ἀμύητος 388, 36

Ἀμφικτύονες ’1181611166 1611181678,
2sqq. 21, 15. 25. 20. 50

Ἀμφοιτὶονες ἐν Δελφοῖς 78, 16. 25.
288, 1. 288, 1. Ἀμφικτύονες 188,
5.1.11. 161, 0. 1. 11. 166, 6. 5.
16. 212, 3. Ἀμφιιιτυονιιὸιι ἔγκλημα
183,1

ἀνάθεσις 162, 51. 50. 116, 11. 11.
232, 6. 238, 6. 246, 13. 66. 61.
211, 11. 26111. 33311. 366, 20.
361,11. 363, 11. 116, 12. -166, 1

ἀνάθημα 333, 5.52.11. 121, 51. 666-
θεμα 1611. 361, 1 sqq. 366, 66.
1168116116 13, 11. 13. 78, 21.
138, 6

ἀνακεῖσθαι 137, 6

1111181661 22, 5. 28, 3. 55, 2. 188, 3.
161, 51. 55. 00. 182,1. 163, 1161,

2. 110, 5. 111, 1.128,16. 121,1.
126, 61. 136, 6. 163, 5. 1666116,
1. 116, 2. 19611. 11. 161, 1. 266,
5. 220, 6. 221, 5. 210, 61. 266, 6.
161, 5. 266, 51. 261, 5. 251‚0. 262,
5. 261, 1. 661, 1. 33316. 331, 1.
336, 5. 3361. 311, 6. 311, 1616

388, 21. 66. 388, 26 sqq. ³67‚1sqq.
555, 25. 551,1.155, 1. 121,1. 122,

„23⁵

1. 123, ι. 126, 11. 121, 15. 51.
132, 1. 161, 1. 166, 6

555555 389, 23

ἀντι8ύναι 389, 22

ἀπάργματα 377, 11

ἀπάρχεσθαι 13, 1. 5.11. 25. 52. 55.
11. 366, 16

ἀπαρχὴ 12, 6. 387, 111. ἐλαίου 13,
66. τοῦ ιιοφποῦ 13, 13. 11. 62. τοῦ
φόρου 18, 61. 19, 6

ἀποθύειν 331, 31

ἀπφύςδεκτος 86616 379, 6

ἀρά 319, 61. 1ραὶ 388, 36

ἀφέσμιον 291, 26

ἀρχεθέωροι 78, 31

ἀρχιθέωφος 387, 16 sqq.

ἀρχιερεύς 288, 3. 289, 3. τῶν Σεβοο-
τῶν 288, 1. 285, 2. ἀρχιερεύς μέ-
γιστος 281, 3. 285, 3. 289, 26.
292, 1

ἀσυλία 215, 25 ·

ἄσυλος 171, 12. 201, 20. 215, 16 sqq.

1φ18φυμα 350, 13

ἀφιεροῦν 1661

βου86πῖν 347,11

βοωνεῖιι 388, 11

βοώνης 311, 2sqq. 388, 16

βοω616374,θ

βωμός 133, 21. 111, 51. 211, 5. 252,
50. 36116. 313, 55. 31311. 550,
15. 25. 661116. 551, 5. 122, 6.
βωμοί 13, 66

Γάλλος 278,2

γέρα 361, 16 sqq. γὲρω 316, 1.1. 2

γραμματεὺς 8166611616 128, 23. 21

δᾳδοῦχος 13, 26

δεῖπνον ἱερόν 388, 55. 55

51501-12 11,1. 36, 1. 36, 6. 361, 11

δεφμοτιιύν 371,1 sqq.

διαμαντεῖαι 388, 66

116φροι16ε16 188, 11. 11

8113611616 βούπρῳρος 287, 5

1818λο1 311, 11

186ς383,16. 388, 63

 

