111. 1466616166.

455,1. 451,1. 456, 6. 459, 4.
466, 1. 461,1. 466, 6. 463, 4.
464,1. 465, 6. 466, 1. 461,1.
ἐν Σαβηρίῦαις 316, 163
Ἀπολλώνιον 6, 45. 6, 65. Ἀπολ-
λωνιοοταί 266, 1

Ἀρης 6616. 111, 61. 1661

Ἀρτεμις 113, 1661. 134, 6. 1691.
116,11. 633, 66. 644, 6. 645,1.
253, 161416. 261, 16. 614, 6.
666, 6. 361, 6116. 166. 161. 116.
164166. 466, 11

Ἀηροτόρα 29, 11. 162, 6. 341,1
Βουληφόρος 391, 6. 16
Βρουριονὶοι 29, 61. 366, 46. 51.
. 66. 16
Δηλῑα 661, 16. 161. 166. 166
Ἕκότη 361, 46116
Kamul< 316, 16
Λευκοφροηνὴ 111, 64
Δαχῑα 416. 61
Μουνιχόα 29, 61
Περγαία 311, 5. 16
Σκιρίς 391, 6. 16
Τουροπόλος 111, 66. 16
· Φωσφόρος 616, 136 Ι
Ἀρτεμὶοιον 361,191
Ἀσκληπιός 356, 6. 11. 16.,66. 361, 11.
1614. 46. 46. 116. 666, 4. 1. 369,
11. 3161. 439, 1. 445, 1. 16
Ἀσκληπιεῖον 329, 31. 369, 65

Ἀστάρο 164, 6
Ἀταρνεὺς 91, 66 .
Ἀφρ6616η116 6. 669, 4. 355,11. 61.
41. 361, 111. 111161. 316,1. 461,
22, 42. 41
όν Ἔμβάτιρ 316, 46
όν κήποις 29, 16
Οὐρανία 431, 6. 16
Πάνδημος 316, 51
Πυθόχρησσος 316, 14166
Στρατονικίς 111,16.16. 63
666 νόο Ἀφροδίτη Δρούσιλλα 219, 12.

Ἀφροδίσιον 116,1
611161661161,8111636.

Q

Ἀχελῷος 313, 66. 66

’Λχιλλεός 616, 61. 16

Γη 111, 66. 1ο. 316, 66. 441,1
11661111 313, 25

Δῆλος 361, 116

Δημήτηρ 2, 15. 19, 36. 66. 83, 6. 121,
1. 14316. 34516. 341, 16. 616,
11. 3131611. 314, 66. 461, 16.
Δαμότηρ 366, 66. 66. 436, 1.6

όν Αἰγίλφι 388, 61
Θεσμοφόρος 396, 6

ἐφ’ ἱπποδρόμῳ 388, 61
Καρποφόρος 396, 5

όν Κολανοῖς 316, 41. 66.
[166όχρηστος 316, 66
Χθονία 369, 16. 16
Χλόη 313, 11

Δημοκρατία 314, 61. 15

Δημοφῶν 29, 66. 65

Διόνυσος 29, 16. 111, 65. 261, 1. 3. 3.
16. 364,1. 63311. 331,11.61.
347, 16. 316, 19. 381, 4. 1. 23. 29.
361, 6. 14. 66.· 466, 6

Βακχεύς 316, 141. 313, 61
Βρειοεός 289, 6
Ληνεύς 313, 64
Πυθόχρηστος 316, 145 “
Διονύσιον 234, 1. Διονυσιακὸν
θέατρον 124,16
Διόσκοροι 316, 1. 166
Διώνη 61, 6. 68, 6. 429, 6
61 61666116 6661 82,1. 83, 6. 1696166-
166166 361, 664
Εἰλείθυια 361, 66
Εἰρήνη 316116. 314, 66. 61

Ἕκόση 116, 66

Ἐλευσία 191, 2

Ἐλευσίνιον 13, 29. 386165. 386, 61.
66 6116 τῇ πόλει 361, 11. 66

Ἐνυάλιος 316, 64

Ἐνοιό 316, 34

Ἐαίραχος 316, 61

Ἑρμῆς 646, 61. 16. 646, 1. 349, 61.

466, 16. Ἑρμᾶν 366, 66. 66
46

 

