111. 1131 publicae. · 749

113, 11. 145, 11. 11. 22. 146,1ο.
156, 13. 161, 11. 11. 13. 111, 11
sqq. 13311. 133, 31. 141,1. 135,
11. 311, 11. 33311. 331, 31. 333,
11. 333, 1. 311, 31. 3ο. 31. 346,
13. 347, 33. 313, 1.3. 3491131111.
35311. 351, 1111. 21. 331, 11.

131, 11. 134, 1. 111, 11. 315, 3.
αἰτεῖο3αι πολιτείαν 315, 3

πολίτευμα 171, 33. 11
πολίτης ἐφ’ ῖοῃ καὶ ὁμοία 153, 43.

1131 ἐγίνοντο πολῖται κατ’ εὐεργεσίαν
311, 1

πολιτογραρεῖν 165, 33. 171, 34. 153, 41

41311- 4431· 44711· 4³1⁹* ⁴· 1111111 11, 11. 11, 11. 31, 11. 11,

451, 3. 453, 5. 454, 6. 159,1.160,
1. 11. 461, 111. 463, 1. 464, 1.
11. 466,1. 461,11.11. 413, ι.
11. 11. 11. νόμοι 53, 21. 31, 1.
165, 13. 111, 31. 116, 43 sqq.
131, 1. 1ο. 161, 31. 13. 16311.
131, 13. 169,11. 115,11. 146, 13.
153, 31. 11. 11. 116, 11. 11133,
11. 135,13. 333,11. 341,13.
346, 1. 341, 1111. 31. 343, 3ο.
351, 11. 363, 31. 336, 31. 331, 11.
331, 1. 333, 11. 11. 451, 11. 465,
3.“ 463, 1. νόμος Δράκοντος 45, 5.
νόμος πολιτικός 194, 1111. νόμος
ιιατοπτιιιός 353, 33. νόμος μαοπριπός
133, 53. νόμος ναοποῑαός 353, 33.
νόμοι Αἰτωλῶν 441, 3. νόμοι Ἀμ-
φιιιτιόνων - Δελφῶν 73, 11. νόμοι
πάτριοι 76, 11. 116, 15. 195, 13.

11. 41, 2. 43, 11. 11. 11. 53, 31.
33, 11. 115, 1.1.11. 134,1. 1.
143, 21. 143, 11. 155, 1. 16511.
166, 21. 136, 1. 166, 11. 13. 113,
1. 13. 141, 11. 146, 11.1ο.151,11

πρεσβεύειν 59, 36. 6111, 11. 36, 11.

11. 1131. 143, 31. 153, 1. 161,
11. 133,1. 136,.1. 164, 3. 113,
11. 146,1. 13. 11. 134, 11. 11.
133, 11

πρεσβευτής 196, 11. 22. 104, 5. 13.

155, 13. 14. 313, 2. πρέοβειςῖ3, 1.
14, 1. 31, 11. 11. 1ο. 46, 33. 51,
1ο.53,11.13. 61, 1.11. 11. 611),
1.1. 63,13.65,1.1.11,1.11.
33. 13, 11. 31. 14, 3. 11. 11. 31.
ιο. 15, 1. 35, 3. 11. 31.1ο. 36,
3.11.11. 33, 33. 36, 1. 33, 1.
34, 11. 33, 1. 131, 11. 111131.

161, 4. 166,.1. οῖ νόμοι ο1 περὶ

ι,,,,,,,, 349, 50 123, 2. 111, 21. 111, 11. 131, 11.

146, 13. 11.“163, 21. 12. 11. 11.
165, 1.133,11. 133, 2. 1. 133, 1.
176, 1. πριογεῖες 35, 3. 1. 13.
πρεσβευταί 156, 11. 13. 41. 165,
11. 166,1. 33. 111, 11 sqq. 131,
1. 136, 31311. 131, 1.133,11.
11. 113, 1. 11. 11. 12.11.11.
143, 3. 12. 11.11.11.31,31.141,
1. ι. 1. 1. 146, 22. 141, ιο. 11.
1111ιαὶ111611 116, 111 14311. 31. 111, 1ο. 333,1.13.
πάροικοι 156, 31. 153, 44, 43 11. 33

1111111111 ⁷⁰. 1361. ⁶ 1111111131, 11. 12. 131, 11. 12.
1011111111'111 11131111) 134,1. 151,11. 131, 11. 163,1. 1331. 136, 1.
135, 13. 111, 31. 11. 111. 131. 111,1.313,3
133, 11. 13. 11. 111, 11. 315,1. προεδρία 53,1. 34, 11. 116, 1ο. 115,
ἐπ’ ῖοῃ (ἐφ’ ἴσῃ) καὶ δμοίρ 11911. 53. 61. 159, 13. 161, 33. 136, 11.

οἰκιστής 112, 66
ὀλιγαρχία 33, 16
παρανομεῖν 76, 21. 354, 11

παραπρεσβείιειν 76, 5
παρασπονδεῖν 163, 31
παρεπιδημῖν 146, 34. 167, 4

παροικεῖν 331, 3
παραιτία 116, 114

 

