752 ludices.

ff*—

611. 66,1. 11111. 11, 1.
13, 4. 4. 16,1. 18, 4. 4. 44, 4.
8118111111.11111,
1. 31, 6. 101, 1. 10111. 10111.
109, 4. 4. 110, 4. 111, 4. 4. 144,
11. 118, 44. 11111130, 1. 14.
41. 111111. 136, 4. 4. 144, 4. 4.
134, 4. 4. 144,4.1. 141, 4. 4.
113, 1. 4. 144, 4. 4. 149, 4. 4.

14. 144, 11. 101, 11. 163,1. 161,
1. 11. 116, 4. 3111. 333, 4. 331,
4. 444, 1.16. 311, 111. 1111.
366, 1. 11. 44. 366, 1. 381, 1. 44.
444, 4.11. συμπρόεδροι 144, 4. 144,
4. 136, ιο. 139,1. 116, 4. 141, 4.
113, 4. 141, 4. 1611. 1611. 196,
4. 319, 44. 346,1. 341, 111. 366,
4. 381, 4. 44. 3811. 386, 1

1611111131196,1319, ψήφισμα 1111. 1111. 31, 41. 14.
4. 4. 333, 4. 331, 1. 4. 316, 4. 4.
311, 1. 1. 4444. 366, 4. 44. 366,
1. 4. 381, 4. 4. 4444. 386,1

πρυτανεύειν 10, 1. 11. 13, 1. 11, 1.
13, 11. 14, 4. 16, 14. 111119,

44qq. 3111161. 33, 4. 36,

4sqq. 38, 1. 10, 1. 41, 4. 43, 1.
44, ssqq. 44, 1. 18, 1. 10. 49, 6.
64, 1. 61, 1. 64, 4. 14, 4. 45, 4.
18, 44. 10, 4. 80, 1. 81, 1811.
86, 4. 91, 1. 1116. 44, 4. 98, 1.
106, 14. 108, 1. 11111. 111, 11.

146, 11333, 11. 44

πρυτάνεις 11, 16. 43, 13. 46, 44. 43,
1111. 1111. 18,11. 01, 16.
106,11. 106,16. 1111111.
118, 44. 141, 44. 11111. 116, 44.
33111. 11. 334, 1. 41. 44. 38111

ἐπιστάτης πρυτάνεων 130, 3 (11. 11611).

14

ἐπιστάτης (πρυτάνεων) 1, 1. 10, 1. 13,
4. 14, 4. 1116. 111. 11. 31, 1.
1111. 33, 4. 41, 6. 43, 4. 44, 4.

48, 4. 41. 411. 61, 1

44. 111111. 13, 16. 4116. 61,
1. 63, 61. 11. 11. 1111. 1116.
1116. 11, 14. 1ο. 16,11. 18, 11.
19,11. 8111. 6116. 9111. 93,
11. 106,11. 106,11. 109, 11. 11.
11111. 111, 1.44. 113, 4. 131,
11. 136, 11. 140, 11. 11. 146, 11.
111, 44. 442 1111111. 144, 44.
1811. 11111. 11111. 333, 11.
1111. 16. 34111. 346, 11. 341,
11. 61. 161. 38111. 381, 11. 386,
44. 33136. 4111101ηρῑογ1111115,
11. 1111. 1111. 8111. 91, 11.
101,11. 16. 106, 16. 106,11. 109,
11. 11111. 11116. 11111. 333,
1. 1116. 31111. 11. 16. 11. 410,
1. ψήφισμα βουλῆς 130, 18. 24. 333,
1116. 361, 111. ψήφισμα 61111610,
44. 11111. 101,11. 1311111.
16111. 196, 1. 311111. 441. 414.
ψηφίσματα βουλῆς 1111 δήμου 144, 44.
κατὰτὸ ψήφισμα τῆς βουλῆς καὶ τοῦ
6111166353, 14. 11. ὁὲπὶ τὰ ψη-
φῑσματα 333, 31

ξυγγρπριιῑ 1111. 14, 44

ξυγγράφειν 13, 1

ξυγγραφῆς 13, 3
10,38,1.101,6 προβουλεύειν 13, 31. 4111. 8111.

πρόεδροι 616. ’11,6. 111. 11. 14, 8111 “
11. 15, 8. 1110, 111. 8118. 11. γνώμην Ευμβάλλεσθαι τῆς βουλῆς 44,
91116. 911. 0111. 101,16. 4. 6111. 16111. 111161 δῆμον
1011.108,1.1011,1.110,6.111, 11, 4. 1111. 1111. 111. 18,

ἐπιστάτης (προέδρων) 63, 6. 41, 4. 19.
111. 16,1. 18, 1. 19, 1. 611.
61, 4. 83, 4. 311. 31111. 06,

1. 111, 4. 1111, 144, 4. 144, 4.
1111. 141, 4. 143, 4. 111, 4. 144,

14. 40, 11. 1111. 9111. 01, 11.
14111. 116, 11. 161, 44. 33116.

 

