111. Res publicae. 757

23,3. 11. 55. 51. 14. 15. 45, 3. 1113331325, 1311. 2313. 31,13.
51,1.13,1.13.31,3. 130,11. 55. 36, 13. 34. 44, 3. 12, 1.
143,1. 343,1. 411,1. 413, 4. 13, 1.14,3.15,1.3.13,1. 135,
414, 1. 415, 1 1. 331, 1. 405, 11

Οἰνηῑς 31, 3. 44, 1. 43, 1. 30, 34
33, 4. 130, 3. 323, 1

1131333313, 2. 14, 1. 22, 4. 29, 4.
3. 31, 13. 13. 32, 31. 35, 55. 44,

1³. 108. 1· 1¹¹, ² ’43333313 133, 31. 31. 133, 3. 113, 1.
“113113333331331,20. 32, 51. 33, 4. 331, ,6,3,

43, 3. 44, 11. 63, 1. 11,13. 55,
4. 466, 3. 423, 2 Δημητριάς 381, 26 (51

' ’333333 31, 15. 51. 33, 33. 51. 55.
55. 33. 33, 3. 44, 11. 30, 5.
130,11.11

Pagorum nomina.

’Λῃελῆθεο 625, 15. 33, 3414, 1 Ἀμαξοντεύς 351, 133. 113113. Ἀμο-
Ἀγιυλῆοι 37, 10. ’1131315633 31, 3. 3331313313 366,3

334, 24. 23. 43 Ἀμφιτροπῆθεν 85, 1. 136, 4. 351,
“113330333344,4. 141,11. 333, 41. 151. 151. 551, 31

345, 1. 13. 351, 151. 151 Ἀναγυράσιος 13, 1. 323, 3. 651, 155.
’3333113633 633, 4. 55. 351, 141 131. 421, 1
Ἀζηνιεύς ¹2, 3. 96, 5. 226, 1. 347, Ἀνακαιεύς 44, ³ss

51.382,15 Ἀναφλύστιος 9, 1. 25,11. 36,13.

’41311535 4· ’41311111 31· ¹· ¹¹· 313, 3. 33, 13. 131, 55. 551, 155.
63, 3. 11, 4164, 55. 351, 1. 11. 111. 366, 7, 11

34513382. ³³ ’13333333 33, 3. 131, 3. 333, 3.
49111111191 ⁴4¹ ³⁶· 164172· 3³3³ ³⁴¹ ’63411014334314

³¹¹, ⁶³ 3333133333, 1
511141105193· ⁷· ³⁵⁶› θ· ³⁶⁶¹ ¹⁰· 1153463336, 55. 351, 51. 155. 115

3⁸²5 ²9 Ἀφιδναῖος 29, 13. 44, 11. 25. 26.
5130νεῦ325, ¹· 56, 11.56,15. ¹³⁰, 51. 55. 11, 15. 164, 33. 13. 333,

¹¹· ²²· 511, ¹³· ³⁵¹· ⁶¹· ⁷³· 111· 55. 351, 33133. 355,1.440,11.11
¹²⁰⁴ ⁶ 91112121 ¹²⁰· ⁵ 3333333313, 1. 15, 5. 515, 5. 34,
Ἃλοιιεύς 35, 2.1. 44, 1. 141, 3. 2. 70, 1. 93, 5. 151, 3, 1131,

155, 11. 15. 51. 551, 151. 151. 130, 15.51.15. 39, 45, 155, 5.
³⁵¹¹, ³· 382441· 4¹⁰» ¹· ‘¹¹¹5‘st 151, 133. 134, 11. 515, 15. 551,

554, ¹ 55. 155. 113. 151. 515. 355, 515.

· Ἃλιμούσοος 98,4. 161,1. 149, 5. 382, 23

347¹ ⁵¹ Ἀχερδούσιος 29, 25

Ἀλωπεκῆθεν 44, 23. 59, 34. 86, 23. Βατῆθεν 15,11.55,55. Βοτεῖς334, 12
130,1. 33. 133, 3. 154, 43. 31. Βησαιεὺς 35, 3. 15. 15
3451351, 3 Βουτάδης 44, 13. 13. 55. 51. 13, 5.

 

