111. Res publicas.

3111131111 Atheniensium.

4,1 Senatus st comitia.

βουλή 10, 1 sqq. 128, 1. 13, 111111.
14,1sqq. 20,1. 13,1. 11. 24,
1. 1. 25,1.11. 291111. 32,1
sqq. 33, 3. 36111111. 42, 411111.
43, 11111144, 11111145, 3. 48,1
sqq. 49, 4. 52, 5.11. 54, 5. 51,1.
58, 7. 59,11. 63, 5 sqq. 02,1sqq.
05,1sqq. 11, ssqq. 80, 111111.
82, 2sqq. 83, ssqq. 85, ssqq.
96,1.11.91,1.69,1.69,1.90,
ssqq. 01, 20. 92, 1sqq. 33, 11.
96,1. 106, 1. 1114. 109, 20.
110, 1111211. 14. 11. 11. 102.
121, 0 sqq. 130, 10. 22. 131, 0. 11.
11. 11. 11. 135, 1. 139, 1. 1431.
144,1. 145, 10. 17. 146, 11 sqq.
162, 41 sqq. 164, 11 sqq. 186, 11.
333, 1sqq. 334, 1sqq. 335,1.
336, 9. 346, ssqq. 347, 1111111.
355, 0. 11. 11356, 1.1.1.1 10.
10. 01. 359, 12. 1111. 391, 11.
10. 02. 392, 1. 11. 386, 11 sqq.

ssqq. 93311111. 98,1. 11. 161,
11 sqq. 105, 411111. 106, 14,16.
101, 1.11. 108, 1 sqq. 109, 0sqq.
110, s. 11. 10. 111, 20. 13. 21.
20. 27. 112, 1 sqq. 120, 1.11. 121,
1sqq. 122, 11. 10. 113, 11. 114,
1sqq. 126, 6. 9. 1514. 11. 129,
1sqq. 130, 1131. 131, 4. 133,1.
135, 0sqq. 136, 10. 10. 20. 20.
139,1. 11. 140, 7 sqq. 111,1osqq.
143, 7 sqq. 144, 0 sqq. 145, ssqq.
146, 11 sqq. 149, 1. 11. 11. 11.
162, 1 sqq. 163, 1 sqq. 164, 1 sqq.
180, 11.11. 19611111. 191, 0sqq.
221, 1.151,1. 19111. 11. 319,
11. 11. 21. 20. 33311111. 334,
1sqq. 335, 1. 336, 1. 331, 1. 11.
346, ssqq. 341, ssqq. 355, 10.
11. 11. 11. 356, 1. 11. 11. 359, 4.
11. 11. 366,1.1. 314, 1111.
380, 411111. 381, 11111382, 0. 6.
1.11.11. 366, 1 sqq. 361,1. 411,

ἡβουλὴ ol πεντακόσιοι 112, 11. ἡ ’1.418,1

βουλὴ τῶν φ’ 381, 14 ἐκκλησῑα 143, 11. 32, 15. 64, 0. 71,
1111 βουλῆς 119, 1. 31, 14. 43, 11. 1.12, 11. 14, 11. 16, 10. 10. 80,

48, 11. 111, 14 11. 61, 1. 69, 11. 90, 11. 91, 11.
βουλευτήριον 13, 19. 43, 41. 131,11. 105, 15. 122, 5. 128, 25. 135, 5.

356,5 136, 7. 140, 1. 141, 7. 02. 145,
βουλευτήριον 00 Ἐλευσῖνι 381, 41 11. 24. 14012. 164, 6. 329,1.
βουλεύειν 333, 11 333,11. 346, 416. 341, 95. 45.
βουλευταί 333, 11. 1111 00. 353, 11. 366, 1. 11
3ῆμ1ς10,11111. 13,20qq. 11,1sqq. ἐκκλησία κυρία 139, 1. 143,1. 144,

13, 11. 24,1.21. 33,1. 36, 0sqq. 1. 163, 1

42, 4 sqq. 43, 3 sqq. 05, 1. 41,1. ἐκκλησία 111ρὶ11 ἐντῷ θεάτρῳ 341, 3. 61

46, ssqq. 07, 1. 58, 1. 59, 0.10.
61, 0. 0. 63, 0sqq. 64,0sqq. 65,
1sqq. 70, ssqq. 14, 1. 70,0sqq.
18, ssqq. 19, 4 sqq. 80, 1 sqq.
82, 1 sqq. 03, ssqq. 85, ssqq.
86,14. 81, ¹sqq. 88, 7sqq. 69,
7sqq. 90, ssqq. 91, ssqq. 92,

ἐκκλησία 11 Διονύσου 333, 22. 381,
4. 29

σύμβολα 334, 35

συλλογὴ τοῦ δήμου 334, 35

πρυτανεία 1211, 6. 13, 51. 25,11.11.
13. 29, ssqq. 32, 53. 36, ssqq.
36, 1. 0. 17. 39,1. 44, 11 sqq.

 

