11131333.

IV.

333 333133.

l. 1131, 11333, heroes 311111 331643133113111.

Ἀβλαβίαι 370, 61

21401131, 113, 31. 313, ss. 311,
11. 4333 ,

Ἅγια 333, 34. 33. 34

Ἀδράστεια 29, 62

’10111414 13, 43. 14, 3. 14. 13. 33. 3,
11111313. 23, 413. 23, 33.
3131. 14. 44,1. 311. 31, 11. 34,

11.101,33.363.1. 334114. Ἀδη-
3αίη 6, 3. 8,1. 97, 32. 117, 3. Ἀθα-

ναία 303, 3. 11. 1101136413, 31. 33.
366, 1. Ἀθηνᾶ 33, 1. 33, 33. 101,
34. 103,61. 112,14. 113, 3. 111,
1. 133, 3. 311, 13. 333, 3. 13. 331,
14. 2134111201, 3. 131, 31. 36313
Ἀμ4ρ141133
Ἀποτροπαία 370, 63. 113
Ἀρεία 111, 33. 13
Ζωιτηρία 23, 33
Ἡφαιστία 333, 10
Ἴλιός 1231. 43. 166, 31 sqq.
’ 1431311 1434
Νίκη 23, 31. 131. 113114. 41,
33311. b, 2 (1). 370, 23. 380,
13. 11
Νικηφόρος 208, 3. 115, sssqq.
217. 235
ἐπὶ Παλλαδίῳ 29, 33
ἐπὶ Παλλαδίῳ Δηριονείῳ 29, 11
ἐιι Παλληνίδι 29, 33
Πολιάς 23, 113114. 44, 5sqq.
33,1. 101,34.111,3. 163,14.
193, 42. 380, 22
Προναία 189,13
Ὕγίεια 305,1. 300, 3
Φημία 370, 21
’1101113133 ἐν ’1113001474 01, 14.
1316013

Αἴας 317, 23

Ἀλεκτρώιια 357, 4. 21

’1111311313 333, 11

Ἀλέξανδρος 370, 111
’1131313 ποταμός 370, 21

1

Αμμωιι 37112

’11410341 1. 2, 13. 3, 33. 6,1. 13,

33. 33. 11, 14. 103,1. 143,13.
150,1.14. 133,13. 153, 33. 13.
163,1. 110, 33. 111, 31. 33. 130,
13. 11. 201,13. 230, 4. 233, 36.

⁴ 31. 34. 233, 3. 214, 3. 243, 4. 233,

34. 261,13. 214, 3. 3. 342, 4. 361,
1sqq. 372, 3. 316, 3. 446,1. 13.
413, 1. 431, 1. 43314. 434, 1.
155, 7. 157,11. 159,21. 100, 11.
101,11. 462, 13. 46313. 46413.
166, 13. 170, 23
Ἀκτιος 321, 1
Ἀρχηγέτης 211, 22
Δήλιος 10131333. 361, 33. 43.
121956. 76. 78. 80. 82. 102.
133133. 310, 13
Διδυμέος 293, 6. ἐν Διδύμοις 170,
12
Ἔβδόμειος 302, 1
Ἐκατὸμβιος 373, 30
Ἐναγώνιος 370,100
Ἐριθάσεος 359, 2. 6
’ίητρός 100,1
Καρνεῖος 333, 1. 34. 33. 31
1131113εο4 370, ,13 9
13 Κοίλοις 370,13
Λύκειος 370, 10
06034 13,11. 33, 3. 113, 33.
143, 3. 13313. 106, 3. 233, 3.
230, 3. 416, 4. 111, 4. 443, 13.
151, 3. 152, 1. 153,1. 151, 3.

 

