111. Res publicae.

-a—

233, 13. 231, 13. 331, 1. 346, 11.
341, 3. 13. 331, 10. 90. 90. 910.
366, 11
11311333ιὺ180, 3. 130, 33. 267, 13
Λουσιεύς 331, 113133. 133
Μαραθώνιος 36, 31. 63. 44, 1. 63,
13. 13, 10. 164, 9. 274,1. 133,
9. 334, 0. 341, 1. 331, 134

Μελιτεύς 164, 31. 14. 331, 31. 33.
131. 133. 131331, 3

Μυρρινούσιος 29, 33. 130, 33. 336,1.
331,13. 131. 113113. 33213.
420, 19. 91

ἐγ Μυρρινοάττης 238, 9901, 11. 44
Ξυπεταιών 16, 1. 70, 3. 133, 3.
140, 6

Ὀῆθεν 36, 9089, 3. 33, 4. 164, 33.
331, 111. 011οε3 331, 333

ἐξ 0133 29, 16. 01, 1. 107, 3. 164,
13. 33

0131133 33, 3. 39, 33. 32, 19. 122, 3.
331, 3. 3313

Ὀτρυνεὺς 13, 1. 144,1. 164, 33.
346, 1. 382,11. 23. Ὀτρονεῖς 334, 23

Παιανιεύς 19, 3. 36, 23. 48, 13. 61,
13. 63, 3. 13,1. 1131. 111, 3.
136, 10. 146, 3. 141, 4. 164, 3ο.
99. 99. 09. 33. 333,13. 333, 4.
331, 3. 341, 1. 33. 331,1. 133.
113. 133133134. 366, 1. 363,1.
133, 1. 3. 113, 1. 1131111.
1331

Παλληνεύς 36, 33. 61131. 13, 13.
11, 90. 19, 1. 133. 36, 9. 131, 3.
136, 3. 331, 11

Παμβοπάδης 164, 31. 333, 13

Πειραιεύς (δῆμος) 120, 1. 141, 34.
113, 33. 13311. 13. 333, 1. ἐμ
Πειραιεῖ 31, 11. 331, 3. 13. 99.
341, 33. 366, 33. 314, 3. 11. 13.
410, 3. Πειραιεύς (δημότης) 36, 31.
233, 3. 999,1. 231, 11. 11. 13.
333, 3. 331, 191. 919. 909. 119-
ραιεῑς 296, 1sqq. 297, 19qq.

799

Περγασῆθεν 36, 31. 130, 3. 144, 1.
164,13.346,3

Περιο316ης 347, 34

Πήληξ 231, 13. 13. 366, 1. 331, 3

7113363 331, 131. 131

111ωο311 133, 3. 331, 111. 331, 3.

421, 1. Πλωθειεάς 334, 12. 111131-
61ῖς334, 11

Πάριος 96, 1

Ποτάμιος 86, 11

Προβαλ1οιος 4411, 1. 3. 21. 130, 1.
304, 3

Προοπάλτιος 36, 14. 136, 9. 351, 121

Ῥαμνούσιος 66, 13. 21. 351, 43.

333, 13

ἐς Σηραχιδῶν 40, 13
Σκαμβωνίδης 29, 11. 38, 1. 4. 13.
33, 1. 43, 9. 911. 16, 3. 331, 13

ἐπὶ Σουνίῳ 29, 33. Σουνιεύς 109, 3.
164, 33. 331, 131. 411, 3

Στιιριεάς 701), 11. 164, 63

Συβρ16ης 351, 131

Σοπαλὴττιος 333, 11. 11. 347, 32.
355, 3. Συπαλήττιοι 220, 1

Σφήττιος 18, 4. 44, 13. 701), 13. 22.
130, 3. 11. 161, 11. 101. 199. 164,
43. 33. 33. 33. 13. 10. 331, 113.
900111, 1. 111, 9

Τειθράοιος 25, 3. 14. 164, 31. 334,
43. Τειθράσιαι 334, 13

Τρικοράσιος 304, 3. 1. 386, 3

Ὑβάδης 15, 3. 351, 111

Φαληρεύς 13, 3. 33, 9. 123, 3. 111,
3. 366, 33

Φηγαεΰς 90, 1. Φηγαιεάς 334, 43..
347, 41. 351, 1. Φηγαιεῖς 334, 13.

Φηγούσιος 355, 6

Φιλιάδης 19, 3. 164, 33. 355, 30..
463, 1. 1. 416,1. 0111116111 334, 13.Ι

Φλυεύς 13, 9. 3613. 31. 44, 13.,
34, 9. 134, 31. 3313. 331, 199.
999, 9. 999, 99

Φρεάρριος 44, 33. 45, 1. 59, 33.
133, 3.164,11.13.331,34.331,13,

 

