111, 11,121, 1. 13111. 311, 11 Θορίκιος 115, 1. 11. 51,1. 11,11.

sqq. 351, 111. 351, 11. 355, 11 95, 1. 111, 1

Γαργηττός 10, 11. Γαργήττιος 101, 8. 911131, 2. Θριάσιος 122, 15. 130, 3.
319, 1. 331, 11. 11. 351, 11. 111. 11. 151, 11
111. 135, 1- 1111111311. 11 &pandone 115, 1. 1.11.11.11.11.
1111λὶ1111Βό1, 111 11. 11. 333, 11111.
1111111111 111. ⁴· 111. 1 111111. 11, 11. 11. 11, ι. 111, 11.
01111116112, 31. 306,11. 106,1ο. ³9. 11,11, 331, 1. 356,1. ’1111-
123, 1 ριεῖς 331, 1
Διομεειῖς 121, 2. 133,1. Διομειεὺς Ἰω111η1331 11. ’11111611 331, 13
111, 1. Διομειεῐς 331, 11 11Κεραμ1ων 15, 1. 25, 1. 11. 525,
8111111111 151, 11,11. 11 1. 32,1. 311, 11. 355. ¹⁰· 381611
8111111129, 11,11. 151, 11. 311,.11 Κεφαλῆθεν 11, 1. 35, 11,11. 1361.
Ἑκαλῆθεν 111. 1 111, 1. 111, 1. 111, 1
’11111111 111, 11 1111111. 11, 1. 11,1.
Ἐλευσὶς 286, 11. Ἐλειηῖνι 13, 11. 1111113111
1111. 111,1. 33111. 31511. Κηφισιεὺς 135, 1. 151,11.11.11.
331, 111. 11 Ἐλευσῖνι 111, 1. 311, 331, 1. 31511. 351,11.111.111.
11. 11. 331, 1138111111511 13,11. 315, 11. 11. 11. 11
18. 387, 6. 8. 18. ’116100120θὶ2 13, Κικυννεῦς 415, 1
11. 11. 35511. 331, 1. ’Ἐλευσίνιος Κ111111ης 135, 11
13,1. 151, 11. 32111. 311,1. 1111115125, 11,111 1110111111, 1.
11. 351, 1. 355,11. ’8111111111 113,1,111,11.155,1
111. 11. 311. 1111- 11111111. 11, 11,11, 1. 51, 11. 11.
Ἐπιιηφὶσιος 208, 1 11. 130, 31. 110,1. 161, 15. Κολ-
Ἐρικεεῖς 331, 15 11111111 331, 11
Ἔρμ111ς36,13.15.13. ’10, 35. 83, Κολωνῆθεν 161, 11. 3661. 111111-
1. 135, 1. 11. 353, 1 111111 151, 11. 11. 331, 11

’1,..11ης98,, 13,, 351, mm 1111111111 11,1. 111, 1 131,11.21

259211'125, 11. 11, 1. 51, 11. 11, 611111131511
1. 11, 11,11, 11. 111, 1. 111, ,, 1111111111, 11

151, 1. 11. 11. 11. 11. 11. 11,11. ,11311618 366· ⁷· ²⁷
11.333,11.334,11,11413315, 11161611111111 36, 2. 10,11. 11, 5.
11.11.11.11.11,1.13,1.11,1.

Ἐρχιεῖςπῌ 15,1.1. 111,1. 33311. 311,
Ἑστιαιόθεν 331, 31. 11. ‘Batauis 111⁴· 362,11.15.111,1.120,1.

³³4’ ¹⁰ 11,11. 11

13111811101164151 Κυδαντίδης 20, 11. 361510. 11,
1111111111 15. 1· 11. ¹· 31. 11· 11· 11. 111, 11. 111, 1. 11111111..
52. 51. 55. 11,11.31. 86,11. 331,11

¹¹⁰2 1· ῙῙῙ. 1· 12911· 114111· Κυθήρριος 351, 111. 11111. Κυ-
331, 111. 111. 111. 355, 1. 1. 11. ἣρω, 110, Β, 22

³⁸⁶=⁵ ⁴¹⁸>2 1111111111 15, 1. 311, 111
Θημ111111161,31. 11 11111111111125, 5. 36, 21. 161,11.

 

