759

181, 1ο. 188, 2. 22811. 246, 181.

255, 48. 6ο. 296, 18. 24. 319, 4.
323, 8. 346, 11. 22. 346, 28

προθεσμία 349, 64

προξενίαι 46, 38. 49, 13. 58, 16. 11,
1. 14. 81, 8. 91, 1. 111121. 182,
2. 186, ιο. 198, 218. 266, 1. 201,
16. 211, 8. 1ο. 319, 1. 3. 322, 1.
ἔχχυος τᾶν.προξενιᾶν 215, 32

πρόξενος 33, 18. 46,11. 63, ι. 68, s.
11, 11. 16, 11. 22, 18. 84, 8. 91,
12. 98, 2. 25, 16. 11318. 129, 4.
132, 23. 151, 14. 165, 22. 161, 8.
196, 2. 191, 8. 216, 21. 222, 1.
261, 4. 311, s. 323, 1ο. 11. πρό-
ξενοι 126, 21. 21. 166, 22. 18212.
198,1. 282. 215, 31. 255, 2. 46.
318, 6. 3181. 328, 2. 321, 11.
23. 323,8

συμβολά 181, 12. 462, ο. s. 466, ο. 8.
ξυμβολαί 21, 4. 51, 8

σύμβολον 139, 11. σύμβολα 93, 19.
δίιῖαι ἀπὸ ξυμβύλων 46, 21. 51, 1

συμμαχεῖν 248, 116

συμμαχία (ξυμμαχία) 23, 1. 12. 24,
1. 8. 61,11. 62, 6. 63, 2381111.
64,11,1ο. 13,11. 19, 81. 83,
2sqq. 86, 11. 89, 2. 8. 96, 2. 98,
1ο. 168, 11. 12. 12. 1621. 181,
9. 19. 21. 25. 39. 36. 49. 46. 171,
16 sqq. 238, 6. 241, 21. 248, 118.
219, 6. 324, 1, συμμαχία είς τὸν
ἀεί χρόνον 51, 2. 3. 85, 3. 11

συμμαχίδες πόλεις 63, 18. 81, 6. 11. 16

σύμμαχος (ξύμμαχος) 19, 21. 63, 18.
89, 43. 215, 1. 241, 6. 8. σύμμαχοι
(ξύμμαχοι) 13, 14. 33. 23, 21. 24,
12. 32, 41. 42, 11. 46, 14. 68,14.
66,1. 62, 6. 338866. 66, ο.

Indices.

12, 2. 13, 11. 19, 82 sqq. 83, 11
sqq. 86, 11 sqq. 81, 2 sqq. 88,
13. 168, 8. 81 sqq. 129, 1ο. 141,
4. 162, 11. 163, 8. 21. 22. 22. 41.
183, 18. 263, 21. 324, 1. 333, 12.
341, 16. ξύμμαχοι de τδν ἀεὶ χρύ-
νον 13, 1183, 18

συμπολιτεύειν 294, 6

συμπρεσβεύειν 199, 11

συμπρεσβεύσαοθαι 269, 46

συμπρεσβευταί 299, 16. 21. 31. 48.
246, 11. 16

συνεδρεία 125, 14. 228, 16

συνέδριον 125, 1. 29. 38. 48. 61. 186,
1. 181, 8. 188, 1. 212, 6. 242, 2.
2831

σύνεδρος 86, 9. 129, 9. σύνεδροι 14,
28. 11. 96, 11. 21. 138, 11. 126,
1sqq. 164, 1. 163, 21. 1181183,
1. 21. 22. 216, 11. 248, 1611.
242, 4. s. 388, 141. 22. 111. 181.
τῶν συμμάχων 63, 43

συνοικίζειν 252, 9. 313, 3

συνοικίζεσθαι 126, 69

συνοικισμύς 126, 18163118

σύνοικοι 325, 2. 1

τελεῖν Ἀθήναζε, είς Χαλκίδα 19, 64. 66

τέλεσμα 331, 29

τέλη695, 8. 91, 8. 126, 11. 121.
299, 26. 348, 1ο. 354, 38

τύραννος 83, 26. 85, 18. τύραννοι 2,
12. 213,1

ρεύχειν 2, 26 sqq. 5, 31. 11, 4. 6.
19, 41. 213,1

φαρσλοχουμένη χώρα 126, 83
φυγαδεύειν 18, 21. 83, 32

φυγάς 19, 63. 226, 28
φυγή 18, 8. 11. 63, οο. 119, 6. 1326

 

