738 Indices.

Ἀπολλωνιάτας 198, 99

’Λιπαραῖος 329, 9

Ἀργῖλιοι 15, 99. 17, 19

Ἀργος (Καρίας) 6, 47

Ἀργος (Μακεδονίας) 247, 12

Ἀργος (τῆς Πελοποννήσου) 36, 9. 14.
9981. Ἀργεῖος 199, ο. 49411.
ιι. οι. ιι. 419, 1. 421, 1. Ἀργεῖοι
198, 114. 211, 11. 227, 9

Ἀργυριιτιιανός 198, 99

Ἀρεόοόοιοι 63, 82

’41191929 11. 494, ο, 11. 11. 11.
11. 11. 418, 1. Ἀρκάδες 89, 1. 11.
11. 99, 1. 197, 1. ι. 21911

Ἀριιάσοεια Καρπάθου 15, 74. Ἀρκε-
σῖνοι Καρπά9ου 18, 11

Ἃριιοιγιανοί 15, 27. 18, 94

Ἀρταιιηνοῖ 15, 98

’11919 115, 9. 124, 29. 143, 28. 162,
ι. 246, 21. 299, 1. 999, 1

Ἀσιναῖοι 389, 9. 12

Ἀσιτὶς 437, 9

Ἀσσηρῖται 16, 98. 17, 99. 18, 92

Ἀσσος 198, 919. Ἀσσιος 158, 2. 19. 27

Ἀστραιοόσιοι 63, 22

Ἀστοιταλαιῆς 15, 89. 17, 19

Ἀστυρηνοὶ Μυσοί 15, 9. 19

Ἀσχειεός 198, 199

Ἀτιντάν 824, 1

Ἀτράγιος 198, 191

Ἀττικὴ 99, 11. 12911. 9471111.
ἀργύριον Ἀττιιιόν 95, 19. 139, 49
367, 199. δραχμαὶ Ἀττικαί 491, 9.
μέδιμνοι Ἀττικοί 149, 12

Αὐλιᾶται 15, 72. 17, 19

Ἀφυταῖοι 15, 47. 18, 19

Ἀχαΐα πόλις (Ῥόδου) 957, 18

Ἀχαιός 494, 97. Ἀχαιοί 83, 2. 19.
11. 11. 189, 1411. 178, 9 sqq.
1821. 299, 1. 2981. 211,1ο.
227, 1. 242, ιο. 272, 1. 967, es.
454, 1. Ἀχαιῖα 211, 17. Ἀχαΐα
4941.

Ἀχαιοὶ 99191711 118, 4

Βαιιτριονός 367, 199

Βαργολιῆται 15, 78. 165, 24

Βελφοί ν. Δελροῖ

Βεργαῖοι 17, 49. 18, 91

Βεροιαῖος 451, 2

9119111494, 11. 21. 11. 111111. ¹
41. 11. 11. 11. 1119111111. 1
Βοιωτοί 51, 2. 9. 9. 95, 2.19.’29. ,
111, 11. 111, 1. 111, 1. 111, 1, ³
111, 1. 191, 1. 1881. 111, 1. 111,

2. 212, 2. 222, 4. Βοιωτῖα 211, 29. ,

όβολοὶ Βοιώτιοι 367, 199 1

Βορυσθένης 354, 1

Βόσπορος 199, 9. 161, 91. 102, 9.
199, 1. 194, 1. 292, 1. 1111.
Βοσπόριος 149, 99

Βοττιαῖοι 6611, 19

Βόττος 184, 8

Βου6ειῆς 15, 17

Βούριος 182, 19. 198, 299

Βραυρωνόθεν 366, 79

Βρέα 121, 11. 19, 1. 1

Βρεντεσῖνος 198, 79

Βρ191ς77, 11. 91

Βρυαούντιος 331, 1. Βρυιιούντιοι 331,
18. 24. 28. 36

Βυζάντιον 32, 99. Βυζάντιος 197, 9.
464, 19. Βυζάντιοι 17, 92. 21, 9.
62, 1. 11, 2.11. 99, 99. (91,11).
95, 1. 11. 191, 1. 197, 19. Bue-
ζάντιοι 95, 29

Βύσβιιιος 16, 94. Βοσβιιιηνυῖ 18, 47

Γαλαῖοι 16, 8. 17, 79

Γαλάτας 462, 9. 464, 4. Γαλάται 173,
ο. 1791. 177,1, 2994911.
247, 11. 11. 248111. 111. Γαλα-
11911166, 28

Γαλήσσιος (1( 7911, 19

Γαλήψιοι 19, 91. 17,19. 18, 21

Γ αμβρειόιται 479, 4

Γαργαρεὺς 125, 2. 19. 99. 99. Γαρ-
γαριῐς 125, 21

Γερ1161α 158, 29

 

