784

εἶπαν 132, 3. 150, 2. 201, 3. 247, 3.

Indices.

——n-

διελέγεν (3 plur.) 237,1

248, 2. σ’ίπος 349,17. cludent διελέγησαν 192, 3. 203, 13. διαλιγαῑς

270,1

συνᾱξε 462, 11

κατενέγααι 462, 12. συνενεέγαη 83, 1.
εἰςήνειγααν 83, 13. &meimet 159,
13. ἀνενεῑαάταα 470, 33. εῑνιξαν 95,
11. 24

11311111 195, 1 ’

ἀπέσταλεν (Y) 165, 5

ἀναααοαράρονος 352, 3

ἀνέθεν 33, 1. ἔδον 34, 111, 1. 13.
11111111 450, 1

ἀνέθεσαν 4,1. 304, 2. 334, 1. 422,1.
ἔδοσαν 21,11.“ 33,11.11. 42, 11.
81, 1. 101, 22. ἀπέδοσαν 70, 11.
11. b, 2. 3. 116,1. παρέδοσαν 29,
3111. 36, 32. 44, 3. 109,11. 367,
13 sqq.

ἀνὲθτριαν 168, 2. 170, 7. 220, 3. 250,
1. 232,1. 335,1. 347,11.11. 337,
11. 11. 11. 1ο. 3113η11ν 273, 11.
11111ν171,11.131,1.211,11.
319, 2. 324, 2. 327, 2. ἀπίῢαααν
209,.1 328,.1 51453111164,31.
παρέδωκαν 172, 11. 3311111. 11.
111.111.117. 119. 129. 148. 150.
ἐδώααμεν 130, 21. 240, 31

ἀπήλθοσαν 226, 41. παρελάβοσαν 367,
111. 111. 111. 111. εἴπασαν 22311.
3111111111 233, 73

παρέχων (3 plur.) 467, 15

γενη6εῐσα 445, 14. γενηθέντας 388,1

ἀποκριθῆναι 241, 21. ἀποαριοῆριεν
1111

διελέχθη 234,1. ὶγλεχθῄ 1311

ἑργασθίωντι 357, 7

έξενεγχθη 462, 12. αατενεγχθῇ 462,
13. μετενιγχῦέν 233, 23. συμπερα-
νεγχθείς 248, 31. 11. 111. 111

1111111. 13 plur.) 111, 1

ἀντεθησσῖται 369, 22

....-..--

231111. διαλεγένααν 241111. 171⁸-
γή1113αι 13, 13. ἐπιλεγεέσας 234, 3.
καταλεγείσης 993, 2

ἐπαγγελῇ 13, 19

ἐσάγησαν 171, 32

ἀνεστράφησαν 306, 3

ἠβούλοντο 143, 25. ἠβουλόμην 195, 7

ἐξηργάσατο 124,11. κατηργάσατο 246,
12

ἐπαῦξο 206, 4. ἑπαυίηαώς 215, 3

παρρτησαντο 255, 11

ηοχ311 83, 12

παρηνομημὲνου 76, 31

ἐπηνωρθώθη 373, 4

..L-—

έβλαμρίνος 344,14

41111112111113, 21. ἐκτη131176, 27.
πατέατηται 113,3

ἀφέσταλαα 195, 2. &vieto-Ru 138, 14.
ἀφεστάλααμεν 170, 11. &vema-
νων 170, 21. 33. έρίσταλιεν 157, 3

0111112903

ἀφειληφότος 42, 2ο. 11101οη16111 152,
11. αα3ειληρόταν 133, 11

εἰσχήαατε 166, 7. εῑσγηααν 255, 31.
αατεισχῆσοαι 240, 3313. 31. παρ-
είσχηται 246, 51. 243, 1. παρεισχη-
μ4111255,31

ἀγήγοχε 156,15

’ ἀγνηαώς 215, 3. διεξαγνητΜ 306,1

γεγράφηαεν 171, 111
ἀποααθὲατααεν 279, 7

πέπομφε 111, 11. 284, 3

προτίτειαεν 313, 3

1111111βώ1 380, 71
6111111λ111αν255,2.41.171χη1ιαν 255,

31. ἐντέτευχαν 255, 31. παρ101ηραν ’

171, 33. πεποίηααν 255, 31
γεγόνε1 331, 11. 511111λέ111 331, 11.
17. τατιμάκει 331, 33

γεγράφαται 32, 13. ἐτετάχατ1 32, 3. 37

 

