ii. Nomina iocorum, regionum, civitatium oum ethnicis. 745

Πριηνεῖς 241, 6. 1
Προκοννήσιοι 17,11. 18, 31
Προποντίς 16, 8. 11111)
Πρῶννοι Κεφαλλήνων 631), 11
Πτελεούοιοι 15, 11

Πυγελῆς 15, 11

Πύλος 31,11. 14, 11
Πύμνιοι 17, 11

Πυρραῖοι 74, 11

Ῥωειναλοί 151, 11

Ῥήγιον 24,1. Ῥηγῖνος 198, 81. Ῥη-
γῖνοι 24, 11. 11. 251,1

Ῥήνεια 70, 11. Ῥηνοιιής 15, 11. 17, 11

Ῥ181μνιος 367, 18

Ῥόδος 285,11. Ῥόδιος 231,1. 329,
39. 307, 311114. 107. 418, 4.
Ῥόδιοι 63, 81. 198, 111. 241, 1.
11. 315, 11. Ῥόδιαι δραχμαί 361,
204

Ῥώμη 111, 11. 11. 111, 1. 118,1.
141, 11. Ῥωμαῖος 118, 11. 111. 111.
111. 111. 361, 1111111. 181118.
111. Ῥωμαῖος ix Κύμης 361, 111.
Ῥωμαία 446, 5. Ῥωμαῖοι 147, 1.
198, 88. 191, 1. 11111111. 112, 1.
1.11. 114, 1.11. 1111. 111, 1.
118,11. 136,1. 111,1. 138,1.
111, 1. 111, 1. 111, 1. ιο. 11611.
111, 1. 11. 151, 1.1. 153, 1.1.11.
11. 156111. 161,1.111,11. 116,
11. 11. 11. 311, 11. 361,11.11.
11111111. Ῥωμαϊκὰ γράμματα 367,
111

Σαβημίδαι 371, 161
iiim 248, 14

Σαλαμίς 347,11. Σαλαμίνιος 414, 11.
’1 Σαλαμίνιοι 347, 11. 11

Σαλμώιίς 6, 11. 11. 11. 11. Σαλμακῖ-
ται 5,1. 11

Σαμοθρᾷκες 15,1ο. 16,11. 11,11.
18, 11. 6311, 1

Σάμος 44, 11. 11. 11. 119, 11. Σιίμιος

16, 11. 111, 1. 168,1. 111, 1. 11.
115,1. 331, 1. 11. 11. 111, 11. Σά-
μιοι18,1.1.11.11.11.111111.
11. 111, 1 sqq. 131,1. 11. 11111,

1 sqq.
Σαναῖος 91,1. Σονοιῖοι 16, 11. 17,11.
18, 11

Σάμανοος 6, 11. 51

Σάρδεις 399,11. Σαμδιανοί 323, ssqq.

Σαμταῖοι 16,11. 11, 11. 11, 11. 11, 1

Σαυδαρᾶται 248, 116

Σελευκίς 156,1. 171,1. 13

Σερίφιος 367, 118. Σερίφιοι 17, 11. 18,
18. 70, 12

Σεμμιιῖοι 15,11. 16, 11. 11, 11
Σεμμυλίοι31, 11. Σιρμυλιής 15, 18. 16,
1. 11, 11

Σηλυμβριανοί 17, 31. 46, 5. 8. 1. 11.
111111. 630, 81. Σηλυμβριανός
16, 11

Σήοτ1ο121, 11

Σίγγος 31, 51. Σίγγιοι 15, 11. 16,1.
17, 70

Σιγειῆς 15, 15

Σιδών 33, 11. 31. Σιδώνιοι 93111111.
1111. 11. 11

Σιγελία 31, 11. 11. 11. 11. 51, 1. 11,
11. 11, 1.11. 361, 11

Σικινῆτοιι 63 b, 31

Σικυώνιος 179, 1. 198, 311. 40415.
98. 33. ii. 48. 67. 74. 414, 3. 4.
119,1. Σικυώνιοι 184,1. 198188.
Σεκυώνιοι 1, 1. Σικυωνία δραχμή
111, 111

Σινδοί 100,1. 102, 5. 103,1. 104, 1

Σίνος 16,11. (17,11). 19,11. ἡ Σι-
11111211

Σινωπεύς 252,1.18. μίλτος Σινωπίς
353, 111. 111. 111

Σίφνιος 351, 111. 161. 111. Σίφνιοι 1,
11. 11,11. 131181. 11, 11. b, 1.
316,1.1

Σιοβλαῑοι 16,11. 17, 66

Σκάψιοι 15,11. Σιαψαῖοι 17, 11

 

