17. 1380 080008.

220, 1. 991, 0. 240, 82. 247, 20.
207, 9. 919, 9sqq. 313, 4. 327, 1.
332, 4. 347, 02. 19. 352, 1. 855, 1.
358, 1. 959, 1. 999, 1. 373, 4. 381,
13. 383,13. 385,1. 388, 2 sqq.
300, 0. 402, 4. 420, 4. 428, 44.
427, 04. 432, 2. 438, 4. 440, 28.
470, 20. πάντες 3001 199, 11. 778,
8. 0189939001 1413, 23. 24. 23,
00. 40. 19. 91. 91. 199. 156, 2000.

171, 91. 19. 380, 2. 370, 0. 381, 4.
0134930400 900182, 7. 83, 8. 9001
μεγάλοι 388, 40. 00. 91. 0001 ρι-

ριίλοι εὐεργέται 232, 3. 9001 σαι-ἠ-
ρες 179,14. 45. θεοὶ 3ριιιοι 97, 30.
181, 23. τῶν βασιλέων εῑς 9εοὺς

μεταστάντων 24313

Θεσμοφόρων 470, 34

Θέτις 370, 04. 19

Θησεύς 29, 82

Ἰαιιχας 347, 10

Ἰλισός 29, 32

Ἰσις 355, 44. 393, 3, 12. ’101ειον 307,

239
Κορνςιάαιον 388, 91. 04. 99. 99
Κόρη 83, 8. 121, 4. 143, 44. 345, 20.
347, 20. 373, 17. Κούρα 132, 2.
Δήμητρος Κόρη 370, τι
Λάειρα 371, 30
11096χρηοτος 370,80
Σώτειρα 379, 82
Κσρῦβαντες Ἀνδρεῖσι 370, 07.105.
Εὐρρον1ειοι 379, 05
843οιοι 370, 00. 400

Λητώ 100, 1. 770, 91. 244, 0. 245, 4.
207, 44. 274, 0. 307, 4. 420. 400.
Λατώ 233, 55

Μεγάλαι 9001 388, 91. 58. 01

Μὴν Τύραννος 370, 4. 44. 24

Μήτηρ 9ει5ν 347, 40. 377, 2

’,144

ἐν Ἀρρας 29, 83
Μεγάλη 379, 83
Σιποληνή 171, 91. 19
Μητρῷον 171, 48
5400000 20, 91. ιι. 040, 00. 999, 9.
991, 4

Νῃρεῖδες 379, 52. 78
Νίκη 14 Β, 0. 150, 91. 300, 19 sqq.
387, 5

Ξινιιιὸς 9464 29, 85
Παλλάς 148, 4. Παλλάδιον Δηριό-
νειον 9971

11014 307, 48 .

Πανδίων 429,8

1104010αο4 367, 120

Πανιώνιον 123, 2. 137,13

Παρθίνος 9, 3. 42, 33. 43. 54. 90 (cf.
lemma). 252, 20. 50 ·

1100043400 70, 91. 99. 80, 00. 372, 4.
9. 1. 9. 1100003010 331, 04. 875, 2.
Ποσιδάν 444,1

’108μισς 372,3 ’

Καλαυρεάςης 23, 71

Πόρθριος 331, 34

ἐπὶ 2000140 29, 80

Tmen< 373‚9

Φύαισς 373,3

0043344404 370, 80. 375, 0
Πασαδανιασταί 250, ι

Προτιύιιλιοι 8401 379, 133133

Σανίργης 104,1

Σαραιιιεῖον 397, 220

Σςμιιη 999, 99

Σεμναὶ 9501 82, 7. 83,0

2001ος ἥρως 248, 191 -

Σώτειρα 179, 48

Τριπτόλεμος 13, 33

Τριτοπατρεῖς1393, 1

’Υγίεια 350, 9. 11. 91. 99. 378, 3

Χάριτες 347, 3. 397, 5

...--.--

 

