11. Nomina locorum, regionum, civitatium cum ethnicis. 739

Διῆς ἀπὸ τοῦἈθοι 15, 50. 11 τοῦἋθσι
10,1ι. 17,51. 1011001111. ἀπὸ

Γίγωνος 16, 01
Γρογχής 17, 18
Γρυνέον 171, 85. Γρυν1ῆ115, 10
Γυθεᾶται 199, 1

Θρᾴκης 6311, 10
Διῆς ἀπὸ Κηναίου 1101. Διῆς 63, 88
Διοσιρῖται 15, 7. 8

Δαμνιοιειχῖται 15, 08. Δαυνιοτειχῖται Δοεσστός 1111
17, 00 Δόλοπες 118,10

Δανδάριοι 100, 5. 101, 0 Δυμαῖοι 1110
Δαρδανής 15, 10.11. 11100. 10, 1. Δωριεῖς 2ll‚²
²1,³
Δασκύλειον ἐμΠροποντίδιῙθ, 1. (17, 11). ’1300ῑέ0 15, 12
Δασιιυλειανοί 16, 0 Ἐλαιέα παρὰ Μύριναν 17, 01. (18, 10).

Δελφός 78, ssqq. 01110. 1110. ¹91⁹

118, 11. 150,1. 151, 0. 155, 1.
100, 1. 101, 0. 11. 100, ο. 105,
ιο. Δελφοί 10, 5. 10. 01. 18, 10.
1011. 150, 1110. 181, 1. 0.
185, 1. 011. 180, 1. 187, ι. 188,
0. 180, 0. 100, ιο. 11. 100, 1. 100,
1. ι. 10101. 11. 11. 111,0.11.
111, 1. 115, 01. 100, 1sqq. 010,
1. 0111οο1. 315, 1.1. 3111.
0101. 1015. 110,1.1ι. 117, 1.
151, 1. 151, 1. 100, 5. 101, 1.10.
100, 1.10. 105, 1. 011. 30105105,

Ἐλαιούσιοι 1111. (1111). 18, 51. 11,

0. 001), 11. 107, 0. 10. 10

’131010ος 101, 0. 101150. 100110.

101, 11. 105, ι

Ἐλεάτας 101115. 110115
Ἑλλάς 50, 0. 10111. 100,10. 100,

1. 101, 0. Ἕλληνες 10, 10. 11. 50,
1.ι. 00,0.10. 71,11. 11111. 108,
0. 110, 10: 11. 150, 1. 1001010.
1ο. 01. 171, 15. 01. ιι. 180, 0.
181, 0. 188, 0. 100, 1. 115, 0. 117,
ι. 1011. 1011. 100, 1. 11110.

. Διαιιρής ἀπὸ Χαλκιδέων 16, 15. 17, 01.

10. Δελφίς 151, 1. τριπόδιον Δελφι-
κόν 367, 00

Δῆλος 50, 15. 70,1. 10. 10. 00. 5, 0.
111511. 71, 10. 15. 01. 105, 01.
15110. 107, 1. 011, 0. 007, 110.
Δήλιος 70, 10000. 1), 11 sqq. 71,
1sqq. 105, 11 sqq. 307, 1011.

101, 1. 101, ι. 100, 1. *11000000
πόλεις 180, 18. Ἑλληνικαὶ πόλεις 13,
00. Ἑλληνικὸς πόλεμος 135, 10
Ἑλλήσποντος 91,11.15. 175, 1. Ἓλ-
λησπόντιος φόρος 15, 10. 18,11. 11,
1. Ἓλλησποντοριίλαιες 31, 0100.
ἡ ὶφ’ Ἑλλησπόντου σατραπεία 158,
1010170111. 155, 1 sqq. 111, 1. 10
0. 331, 7. 11. 36100. Δηλιάδες367, Ἐμβατον 37110
osqq. δραχμὴ Δηλία367, 100. Δή- Ἐπιδάμνιος 1111
λιος χαλκός 367, 103 Ἐπίδαυρος 3911. Ἐπιδαύριοι 1, 10.
Δηρητριειίς 198, 00 185, 0
Ἐρέσιοι 17, 00. 031111. 71, 10
Ἐρίτρια 11,1. 11, 17. 8110. 8110.
11. Ἐρετριῆς 1, 10. 10, 11. 1101.
11. 18,11. 51, 5. 11. 00, 01. 87, ι.

18, 15
Δίδυμα 17111
Διδυροτειχῖται 1100. 17, 00
Δίιιαια 1150. Δίκαια παρὰἈβδηρα 16, 88
Δικαιοπολῖται 15, 55. 631), 0. Διιιαιο·
πολῖται Ἐρετριῶν 17, 50. 18, 51

1011
Ἕρμιονῆς 1, 11. 389, 0
Ἐρυορσί 53, 5. 9111. Ἐρυ3ρᾶσι 1,
w*

 

